[gd_scene load_steps=32 format=3 uid="uid://t6dpi31d2sex"]

[ext_resource type="Script" path="res://objects/player.gd" id="1_sptsi"]
[ext_resource type="ArrayMesh" uid="uid://caexlwkwhyar5" path="res://meshes/player.mesh" id="2_lccrg"]
[ext_resource type="ArrayMesh" uid="uid://1p70io6bfmti" path="res://meshes/player_grabarm.mesh" id="3_1in83"]
[ext_resource type="ArrayMesh" uid="uid://q78q5g18uekj" path="res://meshes/player_noarm.mesh" id="4_hx3pu"]
[ext_resource type="ArrayMesh" uid="uid://bkuse4vjkol45" path="res://meshes/player_slasharm.mesh" id="4_tj2ku"]
[ext_resource type="Animation" uid="uid://bput31pbehq2r" path="res://anims/player_attack_grab.anim" id="6_vlla6"]
[ext_resource type="Animation" uid="uid://c84p2ac1gyiwe" path="res://anims/player_attack_slash.anim" id="7_i18qh"]
[ext_resource type="Animation" uid="uid://clnkip76ky2kq" path="res://anims/player_death.anim" id="8_1o42g"]
[ext_resource type="Animation" uid="uid://b8icgd8ugwqip" path="res://anims/player_drain_start.anim" id="9_o0vvc"]
[ext_resource type="Animation" uid="uid://cua05lg0nxv80" path="res://anims/player_hit.anim" id="10_kofln"]
[ext_resource type="Animation" uid="uid://bn7ybvr46jy1g" path="res://anims/player_drain_end_death.anim" id="11_oelut"]
[ext_resource type="Animation" uid="uid://wsdbfpxexlbc" path="res://anims/player_harvest_end.anim" id="11_orr2q"]
[ext_resource type="Animation" uid="uid://c3dlv2nv17ljx" path="res://anims/player_harvest_start.anim" id="12_ru12g"]
[ext_resource type="Animation" uid="uid://dqbwxtjr08nj2" path="res://anims/player_drain_end_idle.anim" id="12_s7q7d"]
[ext_resource type="Animation" uid="uid://cnt7i4002a6rf" path="res://anims/player_idlebreak.anim" id="13_kr634"]
[ext_resource type="Animation" uid="uid://blsdxq83wm8lf" path="res://anims/player_riparm.anim" id="14_v7k1e"]
[ext_resource type="Animation" uid="uid://ddvl260rlhu1y" path="res://anims/player_apose.anim" id="15_3q2l7"]
[ext_resource type="Animation" uid="uid://dew5ywdmo4u1" path="res://anims/player_gun_aim.anim" id="15_b6k6l"]
[ext_resource type="Animation" uid="uid://bci1rxi1iyj6u" path="res://anims/player_gun_aim_end.anim" id="16_3xsbr"]
[ext_resource type="Animation" uid="uid://blmg22f0f5rff" path="res://anims/player_drain.anim" id="16_ths4d"]
[ext_resource type="Animation" uid="uid://b8eytqs3n5eun" path="res://anims/player_harvest.anim" id="17_rhtbp"]
[ext_resource type="Animation" uid="uid://drnu3epsaenx5" path="res://anims/player_gun_aim_start.anim" id="17_v5kpl"]
[ext_resource type="Animation" uid="uid://dtmkutwk2x5ku" path="res://anims/player_idle.anim" id="18_a046u"]
[ext_resource type="Animation" uid="uid://dtdpj1qdr4yai" path="res://anims/player_gun_shoot_heavy.anim" id="18_nughc"]
[ext_resource type="Animation" uid="uid://bb2rrfe5xlyjg" path="res://anims/player_gun_shoot_light.anim" id="19_aan8h"]
[ext_resource type="Animation" uid="uid://bqky1o3umfcqa" path="res://anims/player_jog.anim" id="19_uuqnx"]
[ext_resource type="Animation" uid="uid://cqnu3jsdo704l" path="res://anims/player_run.anim" id="20_3cesr"]
[ext_resource type="Animation" uid="uid://co3wjr2gm67e7" path="res://anims/player_walk.anim" id="21_0olct"]

[sub_resource type="CylinderShape3D" id="CylinderShape3D_5mvcf"]
height = 1.5

[sub_resource type="Skin" id="Skin_dgj65"]
resource_name = "Skin"
bind_count = 96
bind/0/name = &"DEF-spine"
bind/0/bone = -1
bind/0/pose = Transform3D(1, 3.98505e-08, -2.35065e-07, 1.42109e-14, 0.985932, 0.167145, 2.38419e-07, -0.167145, 0.985932, -3.12292e-08, -0.861616, 0.130985)
bind/1/name = &"DEF-spine.001"
bind/1/bone = -1
bind/1/pose = Transform3D(1, 2.57863e-08, -2.3702e-07, 1.42109e-14, 0.994134, 0.108156, 2.38419e-07, -0.108156, 0.994134, -1.71176e-08, -0.996397, 0.0717962)
bind/2/name = &"DEF-spine.002"
bind/2/bone = -1
bind/2/pose = Transform3D(1, -8.31157e-09, -2.38274e-07, 1.77636e-14, 0.999392, -0.0348612, 2.38419e-07, 0.0348612, 0.999392, 2.15836e-08, -1.13066, -0.0905282)
bind/3/name = &"DEF-spine.003"
bind/3/bone = -1
bind/3/pose = Transform3D(1, -2.88765e-08, -2.36663e-07, 1.59872e-14, 0.992638, -0.121117, 2.38419e-07, 0.121117, 0.992638, 4.76424e-08, -1.25581, -0.199827)
bind/4/name = &"DEF-spine.004"
bind/4/bone = -1
bind/4/pose = Transform3D(1, -1.2386e-08, -2.38097e-07, 1.95399e-14, 0.99865, -0.0519504, 2.38419e-07, 0.0519504, 0.99865, 2.34314e-08, -1.46696, -0.0982785)
bind/5/name = &"DEF-spine.005"
bind/5/bone = -1
bind/5/pose = Transform3D(1, 3.63861e-08, -2.35626e-07, 1.77636e-14, 0.988286, 0.152614, 2.38419e-07, -0.152614, 0.988286, -4.991e-08, -1.48822, 0.209338)
bind/6/name = &"DEF-spine.006"
bind/6/bone = -1
bind/6/pose = Transform3D(1, 5.24387e-08, -2.3258e-07, 2.4869e-14, 0.975513, 0.219944, 2.38419e-07, -0.219944, 0.975513, -7.48352e-08, -1.51565, 0.313882)
bind/7/name = &"DEF-shoulder.L"
bind/7/bone = -1
bind/7/pose = Transform3D(0.596365, -0.000133322, 0.802713, 0.802713, -0.000565021, -0.596365, 0.000533049, 1, -0.000229842, -0.0806005, 0.0409158, -1.41062)
bind/8/name = &"DEF-upper_arm.L"
bind/8/bone = -1
bind/8/pose = Transform3D(-0.797947, -0.582167, 0.156081, 0.572472, -0.813054, -0.105915, 0.188563, 0.00483762, 0.982049, 0.94579, 1.02173, -0.0483222)
bind/9/name = &"DEF-upper_arm.L.001"
bind/9/bone = -1
bind/9/pose = Transform3D(-0.797947, -0.582168, 0.156081, 0.572472, -0.813054, -0.105915, 0.188563, 0.00483763, 0.982049, 0.94579, 0.908941, -0.0483222)
bind/10/name = &"DEF-forearm.L"
bind/10/bone = -1
bind/10/pose = Transform3D(-0.797947, -0.582168, 0.156083, 0.594654, -0.802647, 0.046307, 0.0983207, 0.129766, 0.986658, 0.94579, 0.779264, -0.170136)
bind/11/name = &"DEF-forearm.L.001"
bind/11/bone = -1
bind/11/pose = Transform3D(-0.797947, -0.582167, 0.156083, 0.594654, -0.802647, 0.046307, 0.0983213, 0.129766, 0.986658, 0.945789, 0.665099, -0.170137)
bind/12/name = &"DEF-hand.L"
bind/12/bone = -1
bind/12/pose = Transform3D(-0.84313, -0.513828, 0.15847, 0.517161, -0.855588, -0.0226556, 0.147226, 0.0628531, 0.987103, 0.896497, 0.63869, -0.123929)
bind/13/name = &"DEF-HandWeaponControl.L"
bind/13/bone = -1
bind/13/pose = Transform3D(0.860543, 0.508729, -0.025698, -1.29267e-05, 0.0504716, 0.998725, 0.509378, -0.859446, 0.0434395, -0.887554, -0.0279865, 0.551905)
bind/14/name = &"DEF-thumb.01.L"
bind/14/bone = -1
bind/14/pose = Transform3D(0.946311, -0.0579876, -0.318013, 0.237427, -0.542933, 0.805513, -0.219369, -0.837772, -0.500016, -0.365598, 0.407772, 0.935414)
bind/15/name = &"DEF-thumb.02.L"
bind/15/bone = -1
bind/15/pose = Transform3D(0.952096, -0.0937632, -0.29107, 0.106624, -0.790312, 0.603355, -0.286609, -0.605488, -0.742455, -0.335309, 0.678455, 0.7562)
bind/16/name = &"DEF-thumb.03.L"
bind/16/bone = -1
bind/16/pose = Transform3D(0.937535, -0.0158631, -0.347528, 0.192714, -0.808001, 0.556772, -0.289635, -0.588968, -0.754472, -0.397067, 0.62326, 0.743077)
bind/17/name = &"DEF-f_index.01.L"
bind/17/bone = -1
bind/17/pose = Transform3D(0.265934, -0.0499758, -0.962695, 0.390209, -0.907602, 0.154907, -0.881485, -0.416847, -0.221861, -0.0587931, 0.633806, 0.840018)
bind/18/name = &"DEF-f_index.02.L"
bind/18/bone = -1
bind/18/pose = Transform3D(0.262861, -0.029709, -0.964376, 0.152052, -0.98576, 0.0718127, -0.952777, -0.165512, -0.2546, -0.0752309, 0.798545, 0.653902)
bind/19/name = &"DEF-f_index.03.L"
bind/19/bone = -1
bind/19/pose = Transform3D(0.264623, -0.0749772, -0.961433, -0.0555486, -0.996503, 0.062423, -0.962751, 0.0368879, -0.267863, -0.0369414, 0.892518, 0.483807)
bind/20/name = &"DEF-palm.01.L"
bind/20/bone = -1
bind/20/pose = Transform3D(0.139141, -0.0607307, -0.988408, 0.476909, -0.870636, 0.12063, -0.86787, -0.488165, -0.0921779, 0.0164501, 0.624038, 0.894783)
bind/21/name = &"DEF-f_middle.01.L"
bind/21/bone = -1
bind/21/pose = Transform3D(0.0867984, 0.000965872, -0.996225, 0.241252, -0.970255, 0.0200789, -0.966573, -0.242084, -0.0844495, -0.0436281, 0.770896, 0.716977)
bind/22/name = &"DEF-f_middle.02.L"
bind/22/bone = -1
bind/22/pose = Transform3D(0.0870269, -0.00658616, -0.996184, 0.032403, -0.99943, 0.00943832, -0.995679, -0.0331008, -0.0867639, -0.0371015, 0.862598, 0.548243)
bind/23/name = &"DEF-f_middle.03.L"
bind/23/bone = -1
bind/23/pose = Transform3D(0.0874067, 0.00815527, -0.996139, -0.0865768, -0.99612, -0.0157519, -0.992403, 0.0876193, -0.0863616, -0.049937, 0.899156, 0.443045)
bind/24/name = &"DEF-palm.02.L"
bind/24/bone = -1
bind/24/pose = Transform3D(0.00731385, 0.00451213, -0.999963, 0.474894, -0.880043, -0.00049762, -0.880013, -0.474872, -0.00857923, -0.00628823, 0.636069, 0.88717)
bind/25/name = &"DEF-f_ring.01.L"
bind/25/bone = -1
bind/25/pose = Transform3D(-0.247782, 0.0279924, -0.968411, 0.141248, -0.987858, -0.0646947, -0.958464, -0.152816, 0.24082, 0.0767381, 0.839157, 0.632875)
bind/26/name = &"DEF-f_ring.02.L"
bind/26/bone = -1
bind/26/pose = Transform3D(-0.247855, 0.0332654, -0.968226, 0.0130432, -0.999205, -0.0376687, -0.968709, -0.021965, 0.247224, 0.0721011, 0.878971, 0.522182)
bind/27/name = &"DEF-f_ring.03.L"
bind/27/bone = -1
bind/27/pose = Transform3D(-0.248791, 0.0224384, -0.968297, -0.178039, -0.983756, 0.0229482, -0.952053, 0.178105, 0.248745, 0.0819267, 0.941206, 0.340955)
bind/28/name = &"DEF-palm.03.L"
bind/28/bone = -1
bind/28/pose = Transform3D(-0.145088, 0.00107165, -0.989418, 0.496962, -0.864627, -0.0738106, -0.855557, -0.502412, 0.124914, 0.0490265, 0.611671, 0.900799)
bind/29/name = &"DEF-f_pinky.01.L"
bind/29/bone = -1
bind/29/pose = Transform3D(-0.405484, 0.226718, -0.88554, 0.240563, -0.908139, -0.342656, -0.88188, -0.35197, 0.313695, -0.0522491, 0.706561, 0.776578)
bind/30/name = &"DEF-f_pinky.02.L"
bind/30/bone = -1
bind/30/pose = Transform3D(-0.404738, 0.20507, -0.891141, 0.037872, -0.969934, -0.240402, -0.913648, -0.131049, 0.384803, -0.0332148, 0.851166, 0.595118)
bind/31/name = &"DEF-f_pinky.03.L"
bind/31/bone = -1
bind/31/pose = Transform3D(-0.401683, 0.248048, -0.881545, -0.17692, -0.965503, -0.191056, -0.898526, 0.0792194, 0.431711, -0.0723018, 0.933591, 0.403795)
bind/32/name = &"DEF-palm.04.L"
bind/32/bone = -1
bind/32/pose = Transform3D(-0.212842, 0.163694, -0.963277, 0.390682, -0.889371, -0.237458, -0.895581, -0.426876, 0.125343, -0.0926552, 0.68168, 0.843771)
bind/33/name = &"DEF-shoulder.R"
bind/33/bone = -1
bind/33/pose = Transform3D(0.596365, 0.000133291, -0.802713, -0.802713, -0.000564917, -0.596365, -0.000532995, 1, -0.00022994, 0.0806005, 0.0409156, -1.41062)
bind/34/name = &"DEF-upper_arm.R"
bind/34/bone = -1
bind/34/pose = Transform3D(-0.797947, 0.582167, -0.156081, -0.572472, -0.813055, -0.105915, -0.188563, 0.00483762, 0.982049, -0.94579, 1.02173, -0.0483223)
bind/35/name = &"DEF-upper_arm.R.001"
bind/35/bone = -1
bind/35/pose = Transform3D(-0.797947, 0.582168, -0.156081, -0.572472, -0.813055, -0.105915, -0.188563, 0.0048376, 0.982049, -0.94579, 0.908941, -0.0483223)
bind/36/name = &"DEF-forearm.R"
bind/36/bone = -1
bind/36/pose = Transform3D(-0.797947, 0.582168, -0.156083, -0.594655, -0.802647, 0.0463071, -0.0983207, 0.129766, 0.986658, -0.94579, 0.779265, -0.170136)
bind/37/name = &"DEF-forearm.R.001"
bind/37/bone = -1
bind/37/pose = Transform3D(-0.797947, 0.582167, -0.156083, -0.594654, -0.802647, 0.0463072, -0.0983213, 0.129766, 0.986658, -0.945789, 0.665099, -0.170137)
bind/38/name = &"DEF-hand.R"
bind/38/bone = -1
bind/38/pose = Transform3D(-0.84313, 0.513828, -0.15847, -0.517162, -0.855588, -0.0226553, -0.147226, 0.0628531, 0.987104, -0.896498, 0.63869, -0.123929)
bind/39/name = &"DEF-HandWeaponControl.R"
bind/39/bone = -1
bind/39/pose = Transform3D(0.860543, -0.508729, 0.025698, 1.2897e-05, 0.0504714, 0.998726, -0.509378, -0.859446, 0.0434395, 0.887555, -0.0279864, 0.551906)
bind/40/name = &"DEF-thumb.01.R"
bind/40/bone = -1
bind/40/pose = Transform3D(0.946312, 0.0579876, 0.318013, -0.237427, -0.542933, 0.805513, 0.219369, -0.837772, -0.500016, 0.365598, 0.407772, 0.935414)
bind/41/name = &"DEF-thumb.02.R"
bind/41/bone = -1
bind/41/pose = Transform3D(0.952096, 0.0937632, 0.29107, -0.106624, -0.790312, 0.603356, 0.286609, -0.605488, -0.742455, 0.33531, 0.678455, 0.7562)
bind/42/name = &"DEF-thumb.03.R"
bind/42/bone = -1
bind/42/pose = Transform3D(0.937536, 0.015863, 0.347528, -0.192715, -0.808001, 0.556772, 0.289635, -0.588967, -0.754472, 0.397067, 0.62326, 0.743077)
bind/43/name = &"DEF-f_index.01.R"
bind/43/bone = -1
bind/43/pose = Transform3D(0.265934, 0.0499756, 0.962695, -0.39021, -0.907602, 0.154907, 0.881485, -0.416848, -0.221861, 0.0587933, 0.633806, 0.840018)
bind/44/name = &"DEF-f_index.02.R"
bind/44/bone = -1
bind/44/pose = Transform3D(0.262861, 0.029709, 0.964376, -0.152053, -0.985761, 0.071813, 0.952777, -0.165512, -0.2546, 0.0752309, 0.798545, 0.653902)
bind/45/name = &"DEF-f_index.03.R"
bind/45/bone = -1
bind/45/pose = Transform3D(0.264623, 0.0749772, 0.961433, 0.0555485, -0.996503, 0.0624231, 0.962751, 0.0368879, -0.267863, 0.0369414, 0.892518, 0.483807)
bind/46/name = &"DEF-palm.01.R"
bind/46/bone = -1
bind/46/pose = Transform3D(0.139141, 0.0607307, 0.988409, -0.476909, -0.870636, 0.12063, 0.86787, -0.488165, -0.0921779, -0.0164501, 0.624038, 0.894783)
bind/47/name = &"DEF-f_middle.01.R"
bind/47/bone = -1
bind/47/pose = Transform3D(0.0867984, -0.000965865, 0.996225, -0.241252, -0.970255, 0.0200791, 0.966573, -0.242084, -0.0844496, 0.0436281, 0.770896, 0.716977)
bind/48/name = &"DEF-f_middle.02.R"
bind/48/bone = -1
bind/48/pose = Transform3D(0.0870268, 0.00658617, 0.996184, -0.0324031, -0.99943, 0.00943851, 0.995679, -0.0331008, -0.0867638, 0.0371014, 0.862599, 0.548243)
bind/49/name = &"DEF-f_middle.03.R"
bind/49/bone = -1
bind/49/pose = Transform3D(0.0874069, -0.00815527, 0.996139, 0.0865767, -0.996121, -0.0157517, 0.992404, 0.0876193, -0.0863617, 0.0499371, 0.899156, 0.443045)
bind/50/name = &"DEF-palm.02.R"
bind/50/bone = -1
bind/50/pose = Transform3D(0.00731381, -0.0045121, 0.999963, -0.474894, -0.880043, -0.000497433, 0.880013, -0.474873, -0.0085792, 0.00628819, 0.636069, 0.887171)
bind/51/name = &"DEF-f_ring.01.R"
bind/51/bone = -1
bind/51/pose = Transform3D(-0.247782, -0.0279924, 0.968411, -0.141248, -0.987858, -0.0646946, 0.958464, -0.152816, 0.24082, -0.076738, 0.839157, 0.632875)
bind/52/name = &"DEF-f_ring.02.R"
bind/52/bone = -1
bind/52/pose = Transform3D(-0.247855, -0.0332654, 0.968226, -0.0130433, -0.999205, -0.0376686, 0.96871, -0.021965, 0.247224, -0.0721011, 0.878971, 0.522182)
bind/53/name = &"DEF-f_ring.03.R"
bind/53/bone = -1
bind/53/pose = Transform3D(-0.248791, -0.0224384, 0.968297, 0.178039, -0.983756, 0.0229484, 0.952053, 0.178105, 0.248745, -0.0819267, 0.941206, 0.340955)
bind/54/name = &"DEF-palm.03.R"
bind/54/bone = -1
bind/54/pose = Transform3D(-0.145088, -0.00107162, 0.989418, -0.496962, -0.864627, -0.0738104, 0.855557, -0.502412, 0.124914, -0.0490265, 0.61167, 0.900799)
bind/55/name = &"DEF-f_pinky.01.R"
bind/55/bone = -1
bind/55/pose = Transform3D(-0.405484, -0.226719, 0.88554, -0.240563, -0.908139, -0.342657, 0.88188, -0.35197, 0.313696, 0.0522493, 0.706561, 0.776578)
bind/56/name = &"DEF-f_pinky.02.R"
bind/56/bone = -1
bind/56/pose = Transform3D(-0.404738, -0.20507, 0.891142, -0.037872, -0.969935, -0.240402, 0.913648, -0.131049, 0.384803, 0.0332148, 0.851166, 0.595118)
bind/57/name = &"DEF-f_pinky.03.R"
bind/57/bone = -1
bind/57/pose = Transform3D(-0.401683, -0.248048, 0.881546, 0.17692, -0.965504, -0.191056, 0.898527, 0.0792194, 0.431711, 0.0723017, 0.933592, 0.403795)
bind/58/name = &"DEF-palm.04.R"
bind/58/bone = -1
bind/58/pose = Transform3D(-0.212842, -0.163694, 0.963277, -0.390683, -0.889371, -0.237458, 0.895581, -0.426877, 0.125343, 0.0926553, 0.68168, 0.843771)
bind/59/name = &"DEF-Heavy_upper_arm.R"
bind/59/bone = -1
bind/59/pose = Transform3D(-0.797433, 0.59825, -0.0787247, -0.593286, -0.801151, -0.0785343, -0.110053, -0.0159196, 0.993798, -0.968539, 1.00134, -0.00569475)
bind/60/name = &"DEF-Heavy_forearm.R"
bind/60/bone = -1
bind/60/pose = Transform3D(-0.793765, 0.607942, 0.0185388, -0.606381, -0.793362, 0.0536602, 0.0473305, 0.031352, 0.998387, -0.976709, 0.685648, -0.00284917)
bind/61/name = &"DEF-Grab_upper_arm.R"
bind/61/bone = -1
bind/61/pose = Transform3D(-0.809526, 0.586956, -0.0122938, -0.586212, -0.809286, -0.0375703, -0.0320012, -0.0232073, 0.999218, -0.955594, 1.01364, 0.0150041)
bind/62/name = &"DEF-Grab_upper_arm.R.001"
bind/62/bone = -1
bind/62/pose = Transform3D(-0.809526, 0.586956, -0.0122937, -0.586212, -0.809286, -0.0375703, -0.0320011, -0.0232074, 0.999218, -0.955594, 0.695681, 0.0150042)
bind/63/name = &"DEF-Grab_forearm.R"
bind/63/bone = -1
bind/63/pose = Transform3D(-0.809526, 0.586956, -0.0122965, -0.587065, -0.809151, 0.0250955, 0.00478037, 0.0275342, 0.999609, -0.955594, 0.377925, -0.00868902)
bind/64/name = &"DEF-Grab_forearm.R.001"
bind/64/bone = -1
bind/64/pose = Transform3D(-0.809526, 0.586955, -0.0122967, -0.587065, -0.809151, 0.0250954, 0.00478018, 0.0275343, 0.999609, -0.955593, 0.189159, -0.00868923)
bind/65/name = &"DEF-Grab_hand.R"
bind/65/bone = -1
bind/65/pose = Transform3D(-0.855554, 0.517518, -0.0142315, -0.517162, -0.855588, -0.0226558, -0.0239009, -0.0120233, 0.999642, -0.952208, 0.0803753, -0.00865878)
bind/66/name = &"DEF-Grab_thumb.01.R"
bind/66/bone = -1
bind/66/pose = Transform3D(0.913282, 0.199224, 0.355284, -0.160115, -0.626432, 0.762854, 0.37454, -0.753587, -0.54021, 0.603032, 0.175123, 0.691742)
bind/67/name = &"DEF-Grab_thumb.02.R"
bind/67/bone = -1
bind/67/pose = Transform3D(0.912982, 0.168387, 0.371632, -0.0245227, -0.886567, 0.46195, 0.407263, -0.430865, -0.80529, 0.614662, 0.322528, 0.603912)
bind/68/name = &"DEF-Grab_thumb.03.R"
bind/68/bone = -1
bind/68/pose = Transform3D(0.914567, 0.23666, 0.327962, -0.00653052, -0.802168, 0.597063, 0.404382, -0.548196, -0.732091, 0.596345, 0.212941, 0.635529)
bind/69/name = &"DEF-Grab_f_index.01.R"
bind/69/bone = -1
bind/69/pose = Transform3D(0.158122, 0.105576, 0.981759, -0.258966, -0.95503, 0.144411, 0.952856, -0.277077, -0.123671, 0.0489409, 0.183379, 0.94706)
bind/70/name = &"DEF-Grab_f_index.02.R"
bind/70/bone = -1
bind/70/pose = Transform3D(0.159084, 0.129806, 0.978694, -0.0378098, -0.989791, 0.137424, 0.986541, -0.0588663, -0.152551, 0.0412631, 0.31427, 0.900074)
bind/71/name = &"DEF-Grab_f_index.03.R"
bind/71/bone = -1
bind/71/pose = Transform3D(0.159174, 0.0718261, 0.984634, 0.0283176, -0.997272, 0.0681704, 0.986845, 0.0170313, -0.160774, 0.0577534, 0.309478, 0.87889)
bind/72/name = &"DEF-Grab_palm.01.R"
bind/72/bone = -1
bind/72/pose = Transform3D(0.158199, 0.0961586, 0.982714, -0.433115, -0.887634, 0.156578, 0.887347, -0.450399, -0.0987745, 0.053038, 0.0875936, 0.964427)
bind/73/name = &"DEF-Grab_f_middle.01.R"
bind/73/bone = -1
bind/73/pose = Transform3D(-0.0632878, -0.0322662, 0.997474, -0.263443, -0.963486, -0.0478817, 0.962597, -0.265808, 0.0524768, -0.0389876, 0.192593, 0.941749)
bind/74/name = &"DEF-Grab_f_middle.02.R"
bind/74/bone = -1
bind/74/pose = Transform3D(-0.0629614, -0.0199737, 0.997816, -0.0269999, -0.9994, -0.021709, 0.997651, -0.0283078, 0.0623845, -0.0430717, 0.33167, 0.888151)
bind/75/name = &"DEF-Grab_f_middle.03.R"
bind/75/bone = -1
bind/75/pose = Transform3D(-0.0614934, -0.0500526, 0.996852, 0.101032, -0.993924, -0.0436731, 0.992981, 0.0980286, 0.0661769, -0.0333177, 0.368547, 0.848501)
bind/76/name = &"DEF-Grab_palm.02.R"
bind/76/bone = -1
bind/76/pose = Transform3D(0.0276341, 0.0500377, 0.998365, -0.368347, -0.927957, 0.0567045, 0.929278, -0.369312, -0.00721187, 0.00327628, 0.165238, 0.958061)
bind/77/name = &"DEF-Grab_f_ring.01.R"
bind/77/bone = -1
bind/77/pose = Transform3D(-0.191854, -0.300133, 0.934405, -0.0459852, -0.948296, -0.314037, 0.980346, -0.103218, 0.168133, 0.0123096, 0.370032, 0.901332)
bind/78/name = &"DEF-Grab_f_ring.02.R"
bind/78/bone = -1
bind/78/pose = Transform3D(-0.192401, -0.293889, 0.936275, 0.0831969, -0.955551, -0.282843, 0.977783, 0.0234757, 0.2083, 0.00962461, 0.41064, 0.854424)
bind/79/name = &"DEF-Grab_f_ring.03.R"
bind/79/bone = -1
bind/79/pose = Transform3D(-0.19172, -0.309837, 0.93126, 0.0142115, -0.949638, -0.313025, 0.981347, -0.0467789, 0.186468, 0.0145711, 0.270524, 0.876723)
bind/80/name = &"DEF-Grab_palm.03.R"
bind/80/bone = -1
bind/80/pose = Transform3D(-0.149546, -0.0269386, 0.988388, -0.576207, -0.809968, -0.109258, 0.803506, -0.585855, 0.105606, -0.0708873, -0.0666486, 0.961613)
bind/81/name = &"DEF-pelvis.L"
bind/81/bone = -1
bind/81/pose = Transform3D(-0.307938, -0.27708, 0.910165, 0.657322, 0.629657, 0.414078, -0.687825, 0.725782, -0.0117642, 0.227908, -0.554834, -0.632263)
bind/82/name = &"DEF-pelvis.R"
bind/82/bone = -1
bind/82/pose = Transform3D(-0.307938, 0.27708, -0.910165, -0.657322, 0.629657, 0.414078, 0.687825, 0.725782, -0.0117643, -0.227908, -0.554834, -0.632263)
bind/83/name = &"DEF-thigh.L"
bind/83/bone = -1
bind/83/pose = Transform3D(1, 3.95864e-08, -2.43558e-07, 4.71368e-08, -0.999517, 0.031079, -2.42209e-07, -0.0310792, -0.999516, -0.0972373, 0.90093, 0.0539356)
bind/84/name = &"DEF-PistolSlot"
bind/84/bone = -1
bind/84/pose = Transform3D(0.998199, 0.0367714, 0.047391, -0.0593502, 0.490929, 0.869175, 0.00869513, -0.870423, 0.492227, -0.246853, -0.382977, 0.707531)
bind/85/name = &"DEF-thigh.L.001"
bind/85/bone = -1
bind/85/pose = Transform3D(1, -7.5277e-09, -2.42093e-07, -7.10542e-14, -0.999517, 0.031079, -2.4221e-07, -0.0310792, -0.999516, -0.0972372, 0.727232, 0.0539357)
bind/86/name = &"DEF-shin.L"
bind/86/bone = -1
bind/86/pose = Transform3D(1, 5.14573e-08, -2.06499e-07, 3.13209e-08, -0.995347, -0.0963538, -2.10496e-07, 0.0963537, -0.995346, -0.0972373, 0.555897, -0.0169353)
bind/87/name = &"DEF-shin.L.001"
bind/87/bone = -1
bind/87/pose = Transform3D(1, 2.30219e-08, -2.37819e-07, 5.32906e-15, -0.995347, -0.0963538, -2.38931e-07, 0.0963537, -0.995346, -0.0972373, 0.318018, -0.0169353)
bind/88/name = &"DEF-foot.L"
bind/88/bone = -1
bind/88/pose = Transform3D(1, -0.000897166, -0.000486032, 0, -0.476335, 0.879263, -0.00102036, -0.879264, -0.476334, -0.0971686, 0.0468048, 0.0673186)
bind/89/name = &"DEF-toe.L"
bind/89/bone = -1
bind/89/pose = Transform3D(-1, 1.56579e-08, 5.82067e-11, -5.82048e-11, 1.78814e-07, 0.999999, 1.57161e-08, 1, -5.96046e-08, 0.0972373, -0.113927, -0.0147307)
bind/90/name = &"DEF-thigh.R"
bind/90/bone = -1
bind/90/pose = Transform3D(1, 5.46418e-08, 2.40628e-07, 4.71369e-08, -0.999517, 0.031079, 2.4221e-07, -0.0310792, -0.999516, 0.0972372, 0.90093, 0.0539357)
bind/91/name = &"DEF-thigh.R.001"
bind/91/bone = -1
bind/91/pose = Transform3D(1, 7.5277e-09, 2.42093e-07, 2.30926e-14, -0.999517, 0.031079, 2.4221e-07, -0.0310792, -0.999516, 0.0972372, 0.727232, 0.0539357)
bind/92/name = &"DEF-shin.R"
bind/92/bone = -1
bind/92/pose = Transform3D(1, 5.41339e-09, 2.6914e-07, 3.13209e-08, -0.995347, -0.0963538, 2.67366e-07, 0.0963537, -0.995346, 0.0972373, 0.555897, -0.0169353)
bind/93/name = &"DEF-shin.R.001"
bind/93/bone = -1
bind/93/pose = Transform3D(1, -2.30219e-08, 2.37819e-07, -2.4869e-14, -0.995347, -0.0963539, 2.38931e-07, 0.0963538, -0.995346, 0.0972373, 0.318018, -0.0169353)
bind/94/name = &"DEF-foot.R"
bind/94/bone = -1
bind/94/pose = Transform3D(1, -0.000898843, -0.000486941, 1.16415e-10, -0.476334, 0.879263, -0.00102227, -0.879264, -0.476334, 0.0973059, 0.0468047, 0.0671199)
bind/95/name = &"DEF-toe.R"
bind/95/bone = -1
bind/95/pose = Transform3D(-1, 1.55414e-08, 1.16415e-10, 1.45522e-10, 1.78814e-07, 0.999999, 1.5425e-08, 1, -1.79571e-18, -0.0972373, -0.113927, -0.0147307)

[sub_resource type="AnimationLibrary" id="AnimationLibrary_1h0om"]
_data = {
"aim": ExtResource("15_b6k6l"),
"aim_end": ExtResource("16_3xsbr"),
"aim_start": ExtResource("17_v5kpl"),
"apose": ExtResource("15_3q2l7"),
"attack_grab": ExtResource("6_vlla6"),
"attack_slash": ExtResource("7_i18qh"),
"death": ExtResource("8_1o42g"),
"drain": ExtResource("16_ths4d"),
"drain_end_death": ExtResource("11_oelut"),
"drain_end_idle": ExtResource("12_s7q7d"),
"drain_start": ExtResource("9_o0vvc"),
"harvest": ExtResource("17_rhtbp"),
"harvest_end": ExtResource("11_orr2q"),
"harvest_start": ExtResource("12_ru12g"),
"hit": ExtResource("10_kofln"),
"idle": ExtResource("18_a046u"),
"idlebreak": ExtResource("13_kr634"),
"jog": ExtResource("19_uuqnx"),
"riparm": ExtResource("14_v7k1e"),
"run": ExtResource("20_3cesr"),
"shoot_heavy": ExtResource("18_nughc"),
"shoot_light": ExtResource("19_aan8h"),
"walk": ExtResource("21_0olct")
}

[node name="Player" type="CharacterBody3D"]
script = ExtResource("1_sptsi")

[node name="CollisionShape3D" type="CollisionShape3D" parent="."]
transform = Transform3D(1, 0, 0, 0, 1, 0, 0, 0, 1, 0, 0.75, 0)
shape = SubResource("CylinderShape3D_5mvcf")

[node name="RayCast_Interactable" type="RayCast3D" parent="."]
transform = Transform3D(1, 0, 0, 0, 1, 0, 0, 0, 1, 0, 1, 0)
target_position = Vector3(0, 0, 1.25)
collision_mask = 16

[node name="rig_deform" type="Node3D" parent="."]

[node name="Skeleton3D" type="Skeleton3D" parent="rig_deform"]
bones/0/name = "DEF-spine"
bones/0/parent = -1
bones/0/rest = Transform3D(1, 1.77636e-15, 2.38419e-07, 3.98505e-08, 0.985932, -0.167145, -2.35065e-07, 0.167145, 0.985932, 0, 0.871388, 0.0148727)
bones/0/enabled = true
bones/0/position = Vector3(0, 0.871388, 0.0148727)
bones/0/rotation = Quaternion(0.083868, 1.18789e-07, 9.99784e-09, 0.996477)
bones/0/scale = Vector3(1, 1, 1)
bones/1/name = "DEF-spine.001"
bones/1/parent = 0
bones/1/rest = Transform3D(1, 1.41931e-08, 4.22884e-10, -1.41931e-08, 0.998227, 0.0595302, 4.22786e-10, -0.0595302, 0.998227, 0, 0.12874, 0)
bones/1/enabled = true
bones/1/position = Vector3(0, 0.12874, 0)
bones/1/rotation = Quaternion(-0.0297783, 2.44357e-14, -7.09971e-09, 0.999557)
bones/1/scale = Vector3(1, 1, 1)
bones/2/name = "DEF-spine.002"
bones/2/parent = 1
bones/2/rest = Transform3D(1, 3.40335e-08, 2.44166e-09, -3.40335e-08, 0.989759, 0.142747, 2.44152e-09, -0.142747, 0.989759, -8.88178e-16, 0.135602, 0)
bones/2/enabled = true
bones/2/position = Vector3(-8.88178e-16, 0.135602, 0)
bones/2/rotation = Quaternion(-0.0715568, 3.50619e-14, -1.70605e-08, 0.997437)
bones/2/scale = Vector3(1, 1, 1)
bones/3/name = "DEF-spine.003"
bones/3/parent = 2
bones/3/rest = Transform3D(1, 2.06086e-08, 8.9228e-10, -2.06086e-08, 0.996257, 0.0864386, 8.92436e-10, -0.0864386, 0.996257, 3.55271e-15, 0.137729, -7.45058e-09)
bones/3/enabled = true
bones/3/position = Vector3(3.55271e-15, 0.137729, -7.45058e-09)
bones/3/rotation = Quaternion(-0.0432598, -3.90331e-14, -1.03139e-08, 0.999064)
bones/3/scale = Vector3(1, 1, 1)
bones/4/name = "DEF-spine.004"
bones/4/parent = 3
bones/4/rest = Transform3D(1, -1.65427e-08, 5.74655e-10, 1.65427e-08, 0.99759, -0.0693853, 5.74553e-10, 0.0693853, 0.99759, 2.75195e-15, 0.200788, -1.67638e-08)
bones/4/enabled = true
bones/4/position = Vector3(2.75195e-15, 0.200788, -1.67638e-08)
bones/4/rotation = Quaternion(0.0347136, 2.56061e-14, 8.27636e-09, 0.999397)
bones/4/scale = Vector3(1, 1, 1)
bones/5/name = "DEF-spine.005"
bones/5/parent = 4
bones/5/rest = Transform3D(1, -4.85779e-08, 5.0013e-09, 4.85779e-08, 0.979023, -0.20375, 5.00137e-09, 0.20375, 0.979023, 5.89588e-16, 0.0326971, 3.72529e-09)
bones/5/enabled = true
bones/5/position = Vector3(5.89588e-16, 0.0326971, 3.72529e-09)
bones/5/rotation = Quaternion(0.102414, -1.7411e-14, 2.44173e-08, 0.994742)
bones/5/scale = Vector3(1, 1, 1)
bones/6/name = "DEF-spine.006"
bones/6/parent = 5
bones/6/rest = Transform3D(1, -1.63293e-08, 5.59843e-10, 1.63293e-08, 0.997652, -0.0684899, 5.59861e-10, 0.0684899, 0.997652, 3.09293e-15, 0.045373, -2.23517e-08)
bones/6/enabled = true
bones/6/position = Vector3(3.09293e-15, 0.045373, -2.23517e-08)
bones/6/rotation = Quaternion(0.0342651, -4.65179e-15, 8.16943e-09, 0.999413)
bones/6/scale = Vector3(1, 1, 1)
bones/7/name = "DEF-shoulder.L"
bones/7/parent = 3
bones/7/rest = Transform3D(0.596365, 0.802713, 0.000533044, -0.0973544, 0.0716689, 0.992666, 0.796788, -0.592043, 0.120888, 0.0159756, 0.13368, 0.0591461)
bones/7/enabled = true
bones/7/position = Vector3(0.0159756, 0.13368, 0.0591461)
bones/7/rotation = Quaternion(-0.592412, -0.297664, -0.336472, 0.668753)
bones/7/scale = Vector3(1, 1, 1)
bones/8/name = "DEF-upper_arm.L"
bones/8/parent = 7
bones/8/rest = Transform3D(-0.350502, 0.256492, 0.900756, -0.733275, 0.523154, -0.434301, -0.582629, -0.812725, 0.0047124, 0.0323631, 0.178933, -0.0289636)
bones/8/enabled = true
bones/8/position = Vector3(0.0323631, 0.178933, -0.0289636)
bones/8/rotation = Quaternion(-0.174379, 0.683547, -0.456087, 0.542532)
bones/8/scale = Vector3(1, 1, 1)
bones/9/name = "DEF-upper_arm.L.001"
bones/9/parent = 8
bones/9/rest = Transform3D(1, -2.23517e-07, 5.35511e-08, 2.23517e-07, 1, -5.14556e-08, -5.3551e-08, 5.14556e-08, 1, -5.13974e-08, 0.112785, 2.79397e-09)
bones/9/enabled = true
bones/9/position = Vector3(-5.13974e-08, 0.112785, 2.79397e-09)
bones/9/rotation = Quaternion(2.57278e-08, 2.67755e-08, 1.11759e-07, 1)
bones/9/scale = Vector3(1, 1, 1)
bones/10/name = "DEF-forearm.L"
bones/10/parent = 9
bones/10/rest = Transform3D(1, -2.14485e-07, -1.4411e-06, -9.59404e-09, 0.988114, -0.153723, 1.45694e-06, 0.153723, 0.988114, -7.17118e-08, 0.112785, 1.44355e-08)
bones/10/enabled = true
bones/10/position = Vector3(-7.17118e-08, 0.112785, 1.44355e-08)
bones/10/rotation = Quaternion(0.0770907, -7.26673e-07, 5.13756e-08, 0.997024)
bones/10/scale = Vector3(1, 1, 1)
bones/11/name = "DEF-forearm.L.001"
bones/11/parent = 10
bones/11/rest = Transform3D(1, 6.44242e-07, -6.44475e-07, -6.44242e-07, 1, 1.28523e-07, 6.44475e-07, -1.28522e-07, 1, -3.73693e-08, 0.114166, 2.6077e-08)
bones/11/enabled = true
bones/11/position = Vector3(-3.73693e-08, 0.114166, 2.6077e-08)
bones/11/rotation = Quaternion(-6.42613e-08, -3.22238e-07, -3.22121e-07, 1)
bones/11/scale = Vector3(1, 1, 1)
bones/12/name = "DEF-hand.L"
bones/12/parent = 11
bones/12/rest = Transform3D(0.996641, 0.0818913, 6.17467e-07, -0.0816101, 0.993218, 0.0828097, 0.00678078, -0.0825316, 0.996565, -4.33647e-08, 0.114166, -4.65661e-10)
bones/12/enabled = true
bones/12/position = Vector3(-4.33647e-08, 0.114166, -4.65661e-10)
bones/12/rotation = Quaternion(-0.0414056, -0.00169792, -0.0409449, 0.998302)
bones/12/scale = Vector3(1, 1, 1)
bones/13/name = "DEF-HandWeaponControl.L"
bones/13/parent = 12
bones/13/rest = Transform3D(-0.991021, 0.132345, 0.0190194, 0.0103596, -0.0658162, 0.997778, 0.133303, 0.989016, 0.0638542, 0.010119, 0.0953635, -0.0131781)
bones/13/enabled = true
bones/13/position = Vector3(0.010119, 0.0953635, -0.0131781)
bones/13/rotation = Quaternion(0.0522992, 0.682157, 0.72813, -0.0418833)
bones/13/scale = Vector3(1, 1, 1)
bones/14/name = "DEF-thumb.01.L"
bones/14/parent = 12
bones/14/rest = Transform3D(-0.818464, 0.206442, 0.536189, 0.546214, 0.569066, 0.614666, -0.178234, 0.795956, -0.578521, 0.0115287, 0.0313681, 0.0274964)
bones/14/enabled = true
bones/14/position = Vector3(0.0115287, 0.0313681, 0.0274964)
bones/14/rotation = Quaternion(0.218513, 0.861111, 0.409535, 0.207413)
bones/14/scale = Vector3(1, 1, 1)
bones/15/name = "DEF-thumb.02.L"
bones/15/parent = 14
bones/15/rest = Transform3D(0.99898, -0.0451466, -1.64844e-07, 0.0424998, 0.940413, -0.337368, 0.0152312, 0.337024, 0.941373, -2.98023e-08, 0.0391118, 8.9407e-08)
bones/15/enabled = true
bones/15/position = Vector3(-2.98023e-08, 0.0391118, 8.9407e-08)
bones/15/rotation = Quaternion(0.171168, -0.00386589, 0.0222457, 0.984983)
bones/15/scale = Vector3(1, 1, 1)
bones/16/name = "DEF-thumb.03.L"
bones/16/parent = 15
bones/16/rest = Transform3D(0.995266, 0.0971836, -0.000932542, -0.0971821, 0.995053, -0.0206293, -0.0010769, 0.0206223, 0.999787, 3.1665e-08, 0.0350194, -3.72529e-09)
bones/16/enabled = true
bones/16/position = Vector3(3.1665e-08, 0.0350194, -3.72529e-09)
bones/16/rotation = Quaternion(0.0103257, 3.61347e-05, -0.0486517, 0.998762)
bones/16/scale = Vector3(1, 1, 1)
bones/17/name = "DEF-f_index.01.L"
bones/17/parent = 12
bones/17/rest = Transform3D(-0.351096, 0.161902, 0.922236, 0.2021, 0.974824, -0.0941941, -0.914269, 0.153312, -0.374978, -0.00145379, 0.111847, 0.0401355)
bones/17/enabled = true
bones/17/position = Vector3(-0.00145379, 0.111847, 0.0401355)
bones/17/rotation = Quaternion(0.110744, 0.821721, 0.0179861, 0.558738)
bones/17/scale = Vector3(1, 1, 1)
bones/18/name = "DEF-f_index.02.L"
bones/18/parent = 17
bones/18/rest = Transform3D(0.999788, 0.0205662, -1.76718e-06, -0.0198538, 0.965134, -0.261003, -0.00536613, 0.260947, 0.965338, 0, 0.0322794, -2.98023e-08)
bones/18/enabled = true
bones/18/position = Vector3(0, 0.0322794, -2.98023e-08)
bones/18/rotation = Quaternion(0.13164, 0.00135294, -0.0101943, 0.991244)
bones/18/scale = Vector3(1, 1, 1)
bones/19/name = "DEF-f_index.03.L"
bones/19/parent = 18
bones/19/rest = Transform3D(0.998969, -0.0451957, 0.00415529, 0.045103, 0.978349, -0.201987, 0.00506361, 0.201966, 0.979379, 2.23517e-08, 0.0247396, -4.47035e-08)
bones/19/enabled = true
bones/19/position = Vector3(2.23517e-08, 0.0247396, -4.47035e-08)
bones/19/rotation = Quaternion(0.101539, -0.00022832, 0.0226979, 0.994573)
bones/19/scale = Vector3(1, 1, 1)
bones/20/name = "DEF-palm.01.L"
bones/20/parent = 12
bones/20/rest = Transform3D(-0.242742, 0.0643769, 0.967952, 0.146312, 0.988811, -0.0290723, -0.958994, 0.134566, -0.249445, -0.00579025, 0.0452403, 0.0310711)
bones/20/enabled = true
bones/20/position = Vector3(-0.00579025, 0.0452403, 0.0310711)
bones/20/rotation = Quaternion(0.0668802, 0.787559, 0.0334874, 0.611683)
bones/20/scale = Vector3(1, 1, 1)
bones/21/name = "DEF-f_middle.01.L"
bones/21/parent = 12
bones/21/rest = Transform3D(-0.231551, 0.298319, 0.925954, 0.0666324, 0.95445, -0.290837, -0.970538, -0.00564487, -0.240881, -0.00746481, 0.114338, 0.0107855)
bones/21/enabled = true
bones/21/position = Vector3(-0.00746481, 0.114338, 0.0107855)
bones/21/rotation = Quaternion(0.117133, 0.778923, -0.0951576, 0.608691)
bones/21/scale = Vector3(1, 1, 1)
bones/22/name = "DEF-f_middle.02.L"
bones/22/parent = 21
bones/22/rest = Transform3D(0.999971, -0.00755552, -1.88905e-05, 0.00738335, 0.977709, -0.209836, 0.00160389, 0.20983, 0.977737, 5.12227e-09, 0.0428411, -2.31958e-08)
bones/22/enabled = true
bones/22/position = Vector3(5.12227e-09, 0.0428411, -2.31958e-08)
bones/22/rotation = Quaternion(0.105506, -0.000407974, 0.00375571, 0.994412)
bones/22/scale = Vector3(1, 1, 1)
bones/23/name = "DEF-f_middle.03.L"
bones/23/parent = 22
bones/23/rest = Transform3D(0.999891, 0.0147178, -0.000910822, -0.0147203, 0.992599, -0.120541, -0.000870029, 0.120542, 0.992708, 4.65661e-10, 0.0227673, -2.50729e-08)
bones/23/enabled = true
bones/23/position = Vector3(4.65661e-10, 0.0227673, -2.50729e-08)
bones/23/rotation = Quaternion(0.0603826, -1.0217e-05, -0.00737319, 0.998148)
bones/23/scale = Vector3(1, 1, 1)
bones/24/name = "DEF-palm.02.L"
bones/24/parent = 12
bones/24/rest = Transform3D(-0.166949, 0.0517144, 0.984608, 0.0225766, 0.998562, -0.0486192, -0.985707, 0.0141122, -0.167877, -0.0109619, 0.0468114, 0.00983119)
bones/24/enabled = true
bones/24/position = Vector3(-0.0109619, 0.0468114, 0.00983119)
bones/24/rotation = Quaternion(0.0243172, 0.763772, -0.011295, 0.64493)
bones/24/scale = Vector3(1, 1, 1)
bones/25/name = "DEF-f_ring.01.L"
bones/25/parent = 12
bones/25/rest = Transform3D(0.0410647, 0.378247, 0.924794, -0.130153, 0.919713, -0.370389, -0.990643, -0.105155, 0.0869979, -0.0093412, 0.111304, -0.0147268)
bones/25/enabled = true
bones/25/position = Vector3(-0.0093412, 0.111304, -0.0147268)
bones/25/rotation = Quaternion(0.0926741, 0.669263, -0.177637, 0.715503)
bones/25/scale = Vector3(1, 1, 1)
bones/26/name = "DEF-f_ring.02.L"
bones/26/parent = 25
bones/26/rest = Transform3D(0.999986, 0.00527677, -3.94968e-07, -0.00523126, 0.991352, -0.131123, -0.000691517, 0.131122, 0.991366, 1.86265e-09, 0.0366339, -4.70318e-08)
bones/26/enabled = true
bones/26/position = Vector3(1.86265e-09, 0.0366339, -4.70318e-08)
bones/26/rotation = Quaternion(0.0657035, 0.000173155, -0.00263271, 0.997836)
bones/26/scale = Vector3(1, 1, 1)
bones/27/name = "DEF-f_ring.03.L"
bones/27/parent = 26
bones/27/rest = Transform3D(0.999941, -0.0108162, 0.00105454, 0.0108089, 0.979787, -0.199751, 0.00112732, 0.19975, 0.979846, 7.45058e-09, 0.0240099, 4.65661e-10)
bones/27/enabled = true
bones/27/position = Vector3(7.45058e-09, 0.0240099, 4.65661e-10)
bones/27/rotation = Quaternion(0.100384, -1.82861e-05, 0.00543381, 0.994934)
bones/27/scale = Vector3(1, 1, 1)
bones/28/name = "DEF-palm.03.L"
bones/28/parent = 12
bones/28/rest = Transform3D(-0.0350161, 0.0135692, 0.999295, -0.0535348, 0.998447, -0.0154336, -0.997952, -0.0540375, -0.0342352, -0.0102492, 0.0444964, -0.0111111)
bones/28/enabled = true
bones/28/position = Vector3(-0.0102492, 0.0444964, -0.0111111)
bones/28/rotation = Quaternion(-0.0138968, 0.718975, -0.0241563, 0.694477)
bones/28/scale = Vector3(1, 1, 1)
bones/29/name = "DEF-f_pinky.01.L"
bones/29/parent = 12
bones/29/rest = Transform3D(0.0850496, 0.2095, 0.974103, -0.383616, 0.909166, -0.16204, -0.919568, -0.3599, 0.157692, -0.00355042, 0.102102, -0.0401452)
bones/29/enabled = true
bones/29/position = Vector3(-0.00355042, 0.102102, -0.0401452)
bones/29/rotation = Quaternion(-0.0674396, 0.64545, -0.202161, 0.733469)
bones/29/scale = Vector3(1, 1, 1)
bones/30/name = "DEF-f_pinky.02.L"
bones/30/parent = 29
bones/30/rest = Transform3D(0.99975, -0.0223724, 3.25963e-08, 0.0217586, 0.972321, -0.232634, 0.00520454, 0.232576, 0.972564, 2.6077e-08, 0.0181218, 1.11759e-08)
bones/30/enabled = true
bones/30/position = Vector3(2.6077e-08, 0.0181218, 1.11759e-08)
bones/30/rotation = Quaternion(0.117116, -0.00131023, 0.0111099, 0.993055)
bones/30/scale = Vector3(1, 1, 1)
bones/31/name = "DEF-f_pinky.03.L"
bones/31/parent = 30
bones/31/rest = Transform3D(0.999026, 0.0438691, -0.00480265, -0.0438769, 0.975705, -0.214651, -0.00473057, 0.214652, 0.976679, -1.86265e-08, 0.0237589, -6.51926e-08)
bones/31/enabled = true
bones/31/position = Vector3(-1.86265e-08, 0.0237589, -6.51926e-08)
bones/31/rotation = Quaternion(0.107984, -1.81306e-05, -0.022071, 0.993908)
bones/31/scale = Vector3(1, 1, 1)
bones/32/name = "DEF-palm.04.L"
bones/32/parent = 12
bones/32/rest = Transform3D(-0.057308, 0.0899571, 0.994295, -0.228305, 0.968361, -0.100769, -0.971902, -0.232777, -0.0349572, -0.00909195, 0.0424501, -0.0258058)
bones/32/enabled = true
bones/32/position = Vector3(-0.00909195, 0.0424501, -0.0258058)
bones/32/rotation = Quaternion(-0.0481884, 0.717744, -0.116179, 0.684853)
bones/32/scale = Vector3(1, 1, 1)
bones/33/name = "DEF-shoulder.R"
bones/33/parent = 3
bones/33/rest = Transform3D(0.596365, -0.802713, -0.000532955, 0.0973543, 0.0716691, 0.992666, -0.796788, -0.592043, 0.120889, -0.0159756, 0.13368, 0.0591461)
bones/33/enabled = true
bones/33/position = Vector3(-0.0159756, 0.13368, 0.0591461)
bones/33/rotation = Quaternion(-0.592412, 0.297664, 0.336472, 0.668753)
bones/33/scale = Vector3(1, 1, 1)
bones/34/name = "DEF-upper_arm.R"
bones/34/parent = 33
bones/34/rest = Transform3D(-0.350502, -0.256491, -0.900756, 0.733275, 0.523154, -0.434301, 0.582629, -0.812725, 0.0047124, -0.0323631, 0.178933, -0.0289636)
bones/34/enabled = true
bones/34/position = Vector3(-0.0323631, 0.178933, -0.0289636)
bones/34/rotation = Quaternion(-0.174379, -0.683547, 0.456087, 0.542532)
bones/34/scale = Vector3(1, 1, 1)
bones/35/name = "DEF-upper_arm.R.001"
bones/35/parent = 34
bones/35/rest = Transform3D(1, 1.39698e-08, -2.77068e-08, -1.39698e-08, 1, -3.25963e-09, 2.77068e-08, 3.25963e-09, 1, -5.40167e-08, 0.112785, -1.16415e-09)
bones/35/enabled = true
bones/35/position = Vector3(-5.40167e-08, 0.112785, -1.16415e-09)
bones/35/rotation = Quaternion(1.62981e-09, -1.38534e-08, -6.98492e-09, 1)
bones/35/scale = Vector3(1, 1, 1)
bones/36/name = "DEF-forearm.R"
bones/36/parent = 35
bones/36/rest = Transform3D(1, 4.01384e-07, 1.21983e-06, -2.09098e-07, 0.988114, -0.153723, -1.26703e-06, 0.153723, 0.988114, -7.40401e-08, 0.112785, 1.39698e-09)
bones/36/enabled = true
bones/36/position = Vector3(-7.40401e-08, 0.112785, 1.39698e-09)
bones/36/rotation = Quaternion(0.0770907, 6.23572e-07, -1.53076e-07, 0.997024)
bones/36/scale = Vector3(1, 1, 1)
bones/37/name = "DEF-forearm.R.001"
bones/37/parent = 36
