[gd_scene load_steps=18 format=3 uid="uid://dcrwutnx4ie42"]

[ext_resource type="Script" path="res://objects/scientist.gd" id="1_nfk56"]
[ext_resource type="ArrayMesh" uid="uid://ccqmpbpi7p6rf" path="res://meshes/scientist.mesh" id="2_by5w3"]
[ext_resource type="Animation" uid="uid://c615vo4k1lp2e" path="res://anims/scientist_apose.anim" id="3_awx2g"]
[ext_resource type="Animation" uid="uid://p0qxdpv78k38" path="res://anims/scientist_death.anim" id="4_n0nqs"]
[ext_resource type="Animation" uid="uid://7au6uw6sk1bw" path="res://anims/scientist_drain.anim" id="5_3g3aw"]
[ext_resource type="Animation" uid="uid://i8uv0rrs6j3f" path="res://anims/scientist_drainend_death.anim" id="6_6o3if"]
[ext_resource type="Animation" uid="uid://cjlt4c54j5fda" path="res://anims/scientist_drainend_idle.anim" id="7_ect3n"]
[ext_resource type="Animation" uid="uid://d2sx5tsa811hd" path="res://anims/scientist_drainstart.anim" id="8_ni78w"]
[ext_resource type="Animation" uid="uid://bayk7kkfpv2op" path="res://anims/scientist_hit.anim" id="9_17dq5"]
[ext_resource type="Animation" uid="uid://boudg2xqn3xxt" path="res://anims/scientist_idle.anim" id="10_k00co"]
[ext_resource type="Animation" uid="uid://dya68py7sjuh6" path="res://anims/scientist_idlebreak.anim" id="11_438nc"]
[ext_resource type="Animation" uid="uid://c16cnpqtyspch" path="res://anims/scientist_jog.anim" id="12_mqlun"]
[ext_resource type="Animation" uid="uid://bdfyipt510ivl" path="res://anims/scientist_run.anim" id="13_wn3ai"]
[ext_resource type="Animation" uid="uid://8dl0dh5nmfv4" path="res://anims/scientist_walk.anim" id="14_xjstl"]

[sub_resource type="CylinderShape3D" id="CylinderShape3D_5mvcf"]
height = 1.5

[sub_resource type="Skin" id="Skin_vqtvi"]
resource_name = "Skin"
bind_count = 33
bind/0/name = &"DEF-spine"
bind/0/bone = -1
bind/0/pose = Transform3D(1, 3.98505e-08, -2.35065e-07, 1.42109e-14, 0.985932, 0.167145, 2.38419e-07, -0.167145, 0.985932, -3.12292e-08, -0.861616, 0.130985)
bind/1/name = &"DEF-spine.001"
bind/1/bone = -1
bind/1/pose = Transform3D(1, 2.57863e-08, -2.3702e-07, 1.42109e-14, 0.994134, 0.108156, 2.38419e-07, -0.108156, 0.994134, -1.71176e-08, -0.996397, 0.0717962)
bind/2/name = &"DEF-spine.002"
bind/2/bone = -1
bind/2/pose = Transform3D(1, -8.31157e-09, -2.38274e-07, 1.77636e-14, 0.999392, -0.0348612, 2.38419e-07, 0.0348612, 0.999392, 2.15836e-08, -1.13066, -0.0905282)
bind/3/name = &"DEF-spine.003"
bind/3/bone = -1
bind/3/pose = Transform3D(1, -2.88765e-08, -2.36663e-07, 1.59872e-14, 0.992638, -0.121117, 2.38419e-07, 0.121117, 0.992638, 4.76424e-08, -1.25581, -0.199827)
bind/4/name = &"DEF-spine.004"
bind/4/bone = -1
bind/4/pose = Transform3D(1, -1.2386e-08, -2.38097e-07, 1.95399e-14, 0.99865, -0.0519504, 2.38419e-07, 0.0519504, 0.99865, 2.34314e-08, -1.46696, -0.0982785)
bind/5/name = &"DEF-spine.005"
bind/5/bone = -1
bind/5/pose = Transform3D(1, 3.63861e-08, -2.35626e-07, 1.77636e-14, 0.988286, 0.152614, 2.38419e-07, -0.152614, 0.988286, -4.991e-08, -1.48822, 0.209338)
bind/6/name = &"DEF-spine.006"
bind/6/bone = -1
bind/6/pose = Transform3D(1, 5.24387e-08, -2.3258e-07, 2.4869e-14, 0.975513, 0.219944, 2.38419e-07, -0.219944, 0.975513, -7.48352e-08, -1.51565, 0.313882)
bind/7/name = &"DEF-shoulder.L"
bind/7/bone = -1
bind/7/pose = Transform3D(0.596365, -0.000133322, 0.802713, 0.802713, -0.000565021, -0.596365, 0.000533049, 1, -0.000229842, -0.0806005, 0.0409158, -1.41062)
bind/8/name = &"DEF-upper_arm.L"
bind/8/bone = -1
bind/8/pose = Transform3D(-0.797947, -0.582167, 0.156081, 0.572472, -0.813054, -0.105915, 0.188563, 0.00483762, 0.982049, 0.94579, 1.02173, -0.0483222)
bind/9/name = &"DEF-upper_arm.L.001"
bind/9/bone = -1
bind/9/pose = Transform3D(-0.797947, -0.582168, 0.156081, 0.572472, -0.813054, -0.105915, 0.188563, 0.00483763, 0.982049, 0.94579, 0.908941, -0.0483222)
bind/10/name = &"DEF-forearm.L"
bind/10/bone = -1
bind/10/pose = Transform3D(-0.797947, -0.582168, 0.156083, 0.594654, -0.802647, 0.046307, 0.0983207, 0.129766, 0.986658, 0.94579, 0.779264, -0.170136)
bind/11/name = &"DEF-forearm.L.001"
bind/11/bone = -1
bind/11/pose = Transform3D(-0.797947, -0.582167, 0.156083, 0.594654, -0.802647, 0.046307, 0.0983213, 0.129766, 0.986658, 0.945789, 0.665099, -0.170137)
bind/12/name = &"DEF-hand.L"
bind/12/bone = -1
bind/12/pose = Transform3D(-0.84313, -0.513828, 0.15847, 0.517161, -0.855588, -0.0226556, 0.147226, 0.0628531, 0.987103, 0.896497, 0.63869, -0.123929)
bind/13/name = &"DEF-shoulder.R"
bind/13/bone = -1
bind/13/pose = Transform3D(0.596365, 0.000133291, -0.802713, -0.802713, -0.000564917, -0.596365, -0.000532995, 1, -0.00022994, 0.0806005, 0.0409156, -1.41062)
bind/14/name = &"DEF-upper_arm.R"
bind/14/bone = -1
bind/14/pose = Transform3D(-0.797947, 0.582167, -0.156081, -0.572472, -0.813055, -0.105915, -0.188563, 0.00483762, 0.982049, -0.94579, 1.02173, -0.0483223)
bind/15/name = &"DEF-upper_arm.R.001"
bind/15/bone = -1
bind/15/pose = Transform3D(-0.797947, 0.582168, -0.156081, -0.572472, -0.813055, -0.105915, -0.188563, 0.0048376, 0.982049, -0.94579, 0.908941, -0.0483223)
bind/16/name = &"DEF-forearm.R"
bind/16/bone = -1
bind/16/pose = Transform3D(-0.797947, 0.582168, -0.156083, -0.594655, -0.802647, 0.0463071, -0.0983207, 0.129766, 0.986658, -0.94579, 0.779265, -0.170136)
bind/17/name = &"DEF-forearm.R.001"
bind/17/bone = -1
bind/17/pose = Transform3D(-0.797947, 0.582167, -0.156083, -0.594654, -0.802647, 0.0463072, -0.0983213, 0.129766, 0.986658, -0.945789, 0.665099, -0.170137)
bind/18/name = &"DEF-hand.R"
bind/18/bone = -1
bind/18/pose = Transform3D(-0.84313, 0.513828, -0.15847, -0.517162, -0.855588, -0.0226553, -0.147226, 0.0628531, 0.987104, -0.896498, 0.63869, -0.123929)
bind/19/name = &"DEF-pelvis.L"
bind/19/bone = -1
bind/19/pose = Transform3D(-0.307938, -0.27708, 0.910165, 0.657322, 0.629657, 0.414078, -0.687825, 0.725782, -0.0117642, 0.227908, -0.554834, -0.632263)
bind/20/name = &"DEF-pelvis.R"
bind/20/bone = -1
bind/20/pose = Transform3D(-0.307938, 0.27708, -0.910165, -0.657322, 0.629657, 0.414078, 0.687825, 0.725782, -0.0117643, -0.227908, -0.554834, -0.632263)
bind/21/name = &"DEF-thigh.L"
bind/21/bone = -1
bind/21/pose = Transform3D(1, 3.95864e-08, -2.43558e-07, 4.71368e-08, -0.999517, 0.031079, -2.42209e-07, -0.0310792, -0.999516, -0.0972373, 0.90093, 0.0539356)
bind/22/name = &"DEF-thigh.L.001"
bind/22/bone = -1
bind/22/pose = Transform3D(1, -7.5277e-09, -2.42093e-07, -7.10542e-14, -0.999517, 0.031079, -2.4221e-07, -0.0310792, -0.999516, -0.0972372, 0.727232, 0.0539357)
bind/23/name = &"DEF-shin.L"
bind/23/bone = -1
bind/23/pose = Transform3D(1, 5.14573e-08, -2.06499e-07, 3.13209e-08, -0.995347, -0.0963538, -2.10496e-07, 0.0963537, -0.995346, -0.0972373, 0.555897, -0.0169353)
bind/24/name = &"DEF-shin.L.001"
bind/24/bone = -1
bind/24/pose = Transform3D(1, 2.30219e-08, -2.37819e-07, 5.32906e-15, -0.995347, -0.0963538, -2.38931e-07, 0.0963537, -0.995346, -0.0972373, 0.318018, -0.0169353)
bind/25/name = &"DEF-foot.L"
bind/25/bone = -1
bind/25/pose = Transform3D(1, -0.000897166, -0.000486032, 0, -0.476335, 0.879263, -0.00102036, -0.879264, -0.476334, -0.0971686, 0.0468048, 0.0673186)
bind/26/name = &"DEF-toe.L"
bind/26/bone = -1
bind/26/pose = Transform3D(-1, 1.56579e-08, 5.82067e-11, -5.82048e-11, 1.78814e-07, 0.999999, 1.57161e-08, 1, -5.96046e-08, 0.0972373, -0.113927, -0.0147307)
bind/27/name = &"DEF-thigh.R"
bind/27/bone = -1
bind/27/pose = Transform3D(1, 5.46418e-08, 2.40628e-07, 4.71369e-08, -0.999517, 0.031079, 2.4221e-07, -0.0310792, -0.999516, 0.0972372, 0.90093, 0.0539357)
bind/28/name = &"DEF-thigh.R.001"
bind/28/bone = -1
bind/28/pose = Transform3D(1, 7.5277e-09, 2.42093e-07, 2.30926e-14, -0.999517, 0.031079, 2.4221e-07, -0.0310792, -0.999516, 0.0972372, 0.727232, 0.0539357)
bind/29/name = &"DEF-shin.R"
bind/29/bone = -1
bind/29/pose = Transform3D(1, 5.41339e-09, 2.6914e-07, 3.13209e-08, -0.995347, -0.0963538, 2.67366e-07, 0.0963537, -0.995346, 0.0972373, 0.555897, -0.0169353)
bind/30/name = &"DEF-shin.R.001"
bind/30/bone = -1
bind/30/pose = Transform3D(1, -2.30219e-08, 2.37819e-07, -2.4869e-14, -0.995347, -0.0963539, 2.38931e-07, 0.0963538, -0.995346, 0.0972373, 0.318018, -0.0169353)
bind/31/name = &"DEF-foot.R"
bind/31/bone = -1
bind/31/pose = Transform3D(1, -0.000898843, -0.000486941, 1.16415e-10, -0.476334, 0.879263, -0.00102227, -0.879264, -0.476334, 0.0973059, 0.0468047, 0.0671199)
bind/32/name = &"DEF-toe.R"
bind/32/bone = -1
bind/32/pose = Transform3D(-1, 1.55414e-08, 1.16415e-10, 1.45522e-10, 1.78814e-07, 0.999999, 1.5425e-08, 1, -1.79571e-18, -0.0972373, -0.113927, -0.0147307)

[sub_resource type="AnimationLibrary" id="AnimationLibrary_jq010"]
_data = {
"apose": ExtResource("3_awx2g"),
"death": ExtResource("4_n0nqs"),
"drain": ExtResource("5_3g3aw"),
"drainend_death": ExtResource("6_6o3if"),
"drainend_idle": ExtResource("7_ect3n"),
"drainstart": ExtResource("8_ni78w"),
"hit": ExtResource("9_17dq5"),
"idle": ExtResource("10_k00co"),
"idlebreak": ExtResource("11_438nc"),
"jog": ExtResource("12_mqlun"),
"run": ExtResource("13_wn3ai"),
"walk": ExtResource("14_xjstl")
}

[node name="Scientist" type="CharacterBody3D" groups=["friendly", "interactable", "scientist"]]
collision_layer = 89
script = ExtResource("1_nfk56")

[node name="CollisionShape3D" type="CollisionShape3D" parent="."]
transform = Transform3D(1, 0, 0, 0, 1, 0, 0, 0, 1, 0, 0.75, 0)
shape = SubResource("CylinderShape3D_5mvcf")

[node name="rig_deform" type="Node3D" parent="."]

[node name="Skeleton3D" type="Skeleton3D" parent="rig_deform"]
bones/0/name = "DEF-spine"
bones/0/parent = -1
bones/0/rest = Transform3D(1, 1.77636e-15, 2.38419e-07, 3.98505e-08, 0.985932, -0.167145, -2.35065e-07, 0.167145, 0.985932, 0, 0.871388, 0.0148727)
bones/0/enabled = true
bones/0/position = Vector3(0, 0.871388, 0.0148727)
bones/0/rotation = Quaternion(0.083868, 1.18789e-07, 9.99784e-09, 0.996477)
bones/0/scale = Vector3(1, 1, 1)
bones/1/name = "DEF-spine.001"
bones/1/parent = 0
bones/1/rest = Transform3D(1, 1.41931e-08, 4.22884e-10, -1.41931e-08, 0.998227, 0.0595302, 4.22786e-10, -0.0595302, 0.998227, 0, 0.12874, 0)
bones/1/enabled = true
bones/1/position = Vector3(0, 0.12874, 0)
bones/1/rotation = Quaternion(-0.0297783, 2.44357e-14, -7.09971e-09, 0.999557)
bones/1/scale = Vector3(1, 1, 1)
bones/2/name = "DEF-spine.002"
bones/2/parent = 1
bones/2/rest = Transform3D(1, 3.40335e-08, 2.44166e-09, -3.40335e-08, 0.989759, 0.142747, 2.44152e-09, -0.142747, 0.989759, -8.88178e-16, 0.135602, 0)
bones/2/enabled = true
bones/2/position = Vector3(-8.88178e-16, 0.135602, 0)
bones/2/rotation = Quaternion(-0.0715568, 3.50619e-14, -1.70605e-08, 0.997437)
bones/2/scale = Vector3(1, 1, 1)
bones/3/name = "DEF-spine.003"
bones/3/parent = 2
bones/3/rest = Transform3D(1, 2.06086e-08, 8.9228e-10, -2.06086e-08, 0.996257, 0.0864386, 8.92436e-10, -0.0864386, 0.996257, 3.55271e-15, 0.137729, -7.45058e-09)
bones/3/enabled = true
bones/3/position = Vector3(3.55271e-15, 0.137729, -7.45058e-09)
bones/3/rotation = Quaternion(-0.0432598, -3.90331e-14, -1.03139e-08, 0.999064)
bones/3/scale = Vector3(1, 1, 1)
bones/4/name = "DEF-spine.004"
bones/4/parent = 3
bones/4/rest = Transform3D(1, -1.65427e-08, 5.74655e-10, 1.65427e-08, 0.99759, -0.0693853, 5.74553e-10, 0.0693853, 0.99759, 2.75195e-15, 0.200788, -1.67638e-08)
bones/4/enabled = true
bones/4/position = Vector3(2.75195e-15, 0.200788, -1.67638e-08)
bones/4/rotation = Quaternion(0.0347136, 2.56061e-14, 8.27636e-09, 0.999397)
bones/4/scale = Vector3(1, 1, 1)
bones/5/name = "DEF-spine.005"
bones/5/parent = 4
bones/5/rest = Transform3D(1, -4.85779e-08, 5.0013e-09, 4.85779e-08, 0.979023, -0.20375, 5.00137e-09, 0.20375, 0.979023, 5.89588e-16, 0.0326971, 3.72529e-09)
bones/5/enabled = true
bones/5/position = Vector3(5.89588e-16, 0.0326971, 3.72529e-09)
bones/5/rotation = Quaternion(0.102414, -1.7411e-14, 2.44173e-08, 0.994742)
bones/5/scale = Vector3(1, 1, 1)
bones/6/name = "DEF-spine.006"
bones/6/parent = 5
bones/6/rest = Transform3D(1, -1.63293e-08, 5.59843e-10, 1.63293e-08, 0.997652, -0.0684899, 5.59861e-10, 0.0684899, 0.997652, 3.09293e-15, 0.045373, -2.23517e-08)
bones/6/enabled = true
bones/6/position = Vector3(3.09293e-15, 0.045373, -2.23517e-08)
bones/6/rotation = Quaternion(0.0342651, -4.65179e-15, 8.16943e-09, 0.999413)
bones/6/scale = Vector3(1, 1, 1)
bones/7/name = "DEF-shoulder.L"
bones/7/parent = 3
bones/7/rest = Transform3D(0.596365, 0.802713, 0.000533044, -0.0973544, 0.0716689, 0.992666, 0.796788, -0.592043, 0.120888, 0.0159756, 0.13368, 0.0591461)
bones/7/enabled = true
bones/7/position = Vector3(0.0159756, 0.13368, 0.0591461)
bones/7/rotation = Quaternion(-0.592412, -0.297664, -0.336472, 0.668753)
bones/7/scale = Vector3(1, 1, 1)
bones/8/name = "DEF-upper_arm.L"
bones/8/parent = 7
bones/8/rest = Transform3D(-0.350502, 0.256492, 0.900756, -0.733275, 0.523154, -0.434301, -0.582629, -0.812725, 0.0047124, 0.0323631, 0.178933, -0.0289636)
bones/8/enabled = true
bones/8/position = Vector3(0.0323631, 0.178933, -0.0289636)
bones/8/rotation = Quaternion(-0.174379, 0.683547, -0.456087, 0.542532)
bones/8/scale = Vector3(1, 1, 1)
bones/9/name = "DEF-upper_arm.L.001"
bones/9/parent = 8
bones/9/rest = Transform3D(1, -2.23517e-07, 5.35511e-08, 2.23517e-07, 1, -5.14556e-08, -5.3551e-08, 5.14556e-08, 1, -5.13974e-08, 0.112785, 2.79397e-09)
bones/9/enabled = true
bones/9/position = Vector3(-5.13974e-08, 0.112785, 2.79397e-09)
bones/9/rotation = Quaternion(2.57278e-08, 2.67755e-08, 1.11759e-07, 1)
bones/9/scale = Vector3(1, 1, 1)
bones/10/name = "DEF-forearm.L"
bones/10/parent = 9
bones/10/rest = Transform3D(1, -2.14485e-07, -1.4411e-06, -9.59404e-09, 0.988114, -0.153723, 1.45694e-06, 0.153723, 0.988114, -7.17118e-08, 0.112785, 1.44355e-08)
bones/10/enabled = true
bones/10/position = Vector3(-7.17118e-08, 0.112785, 1.44355e-08)
bones/10/rotation = Quaternion(0.0770907, -7.26673e-07, 5.13756e-08, 0.997024)
bones/10/scale = Vector3(1, 1, 1)
bones/11/name = "DEF-forearm.L.001"
bones/11/parent = 10
bones/11/rest = Transform3D(1, 6.44242e-07, -6.44475e-07, -6.44242e-07, 1, 1.28523e-07, 6.44475e-07, -1.28522e-07, 1, -3.73693e-08, 0.114166, 2.6077e-08)
bones/11/enabled = true
bones/11/position = Vector3(-3.73693e-08, 0.114166, 2.6077e-08)
bones/11/rotation = Quaternion(-6.42613e-08, -3.22238e-07, -3.22121e-07, 1)
bones/11/scale = Vector3(1, 1, 1)
bones/12/name = "DEF-hand.L"
bones/12/parent = 11
bones/12/rest = Transform3D(0.996641, 0.0818913, 6.17467e-07, -0.0816101, 0.993218, 0.0828097, 0.00678078, -0.0825316, 0.996565, -4.33647e-08, 0.114166, -4.65661e-10)
bones/12/enabled = true
bones/12/position = Vector3(-4.33647e-08, 0.114166, -4.65661e-10)
bones/12/rotation = Quaternion(-0.0414056, -0.00169792, -0.0409449, 0.998302)
bones/12/scale = Vector3(1, 1, 1)
bones/13/name = "DEF-shoulder.R"
bones/13/parent = 3
bones/13/rest = Transform3D(0.596365, -0.802713, -0.000532955, 0.0973543, 0.0716691, 0.992666, -0.796788, -0.592043, 0.120889, -0.0159756, 0.13368, 0.0591461)
bones/13/enabled = true
bones/13/position = Vector3(-0.0159756, 0.13368, 0.0591461)
bones/13/rotation = Quaternion(-0.592412, 0.297664, 0.336472, 0.668753)
bones/13/scale = Vector3(1, 1, 1)
bones/14/name = "DEF-upper_arm.R"
bones/14/parent = 13
bones/14/rest = Transform3D(-0.350502, -0.256491, -0.900756, 0.733275, 0.523154, -0.434301, 0.582629, -0.812725, 0.0047124, -0.0323631, 0.178933, -0.0289636)
bones/14/enabled = true
bones/14/position = Vector3(-0.0323631, 0.178933, -0.0289636)
bones/14/rotation = Quaternion(-0.174379, -0.683547, 0.456087, 0.542532)
bones/14/scale = Vector3(1, 1, 1)
bones/15/name = "DEF-upper_arm.R.001"
bones/15/parent = 14
bones/15/rest = Transform3D(1, 1.39698e-08, -2.77068e-08, -1.39698e-08, 1, -3.25963e-09, 2.77068e-08, 3.25963e-09, 1, -5.40167e-08, 0.112785, -1.16415e-09)
bones/15/enabled = true
bones/15/position = Vector3(-5.40167e-08, 0.112785, -1.16415e-09)
bones/15/rotation = Quaternion(1.62981e-09, -1.38534e-08, -6.98492e-09, 1)
bones/15/scale = Vector3(1, 1, 1)
bones/16/name = "DEF-forearm.R"
bones/16/parent = 15
bones/16/rest = Transform3D(1, 4.01384e-07, 1.21983e-06, -2.09098e-07, 0.988114, -0.153723, -1.26703e-06, 0.153723, 0.988114, -7.40401e-08, 0.112785, 1.39698e-09)
bones/16/enabled = true
bones/16/position = Vector3(-7.40401e-08, 0.112785, 1.39698e-09)
bones/16/rotation = Quaternion(0.0770907, 6.23572e-07, -1.53076e-07, 0.997024)
bones/16/scale = Vector3(1, 1, 1)
bones/17/name = "DEF-forearm.R.001"
bones/17/parent = 16
bones/17/rest = Transform3D(1, -5.64614e-07, 6.18398e-07, 5.64614e-07, 1, 3.72531e-08, -6.18398e-07, -3.72527e-08, 1, -1.10129e-07, 0.114166, 2.79397e-09)
bones/17/enabled = true
bones/17/position = Vector3(-1.10129e-07, 0.114166, 2.79397e-09)
bones/17/rotation = Quaternion(-1.86265e-08, 3.09199e-07, 2.82307e-07, 1)
bones/17/scale = Vector3(1, 1, 1)
bones/18/name = "DEF-hand.R"
bones/18/parent = 17
bones/18/rest = Transform3D(0.996641, -0.0818909, -7.47852e-07, 0.0816097, 0.993218, 0.0828095, -0.00678061, -0.0825314, 0.996565, -4.47617e-08, 0.114166, -1.39698e-08)
bones/18/enabled = true
bones/18/position = Vector3(-4.47617e-08, 0.114166, -1.39698e-08)
bones/18/rotation = Quaternion(-0.0414056, 0.00169785, 0.0409447, 0.998302)
bones/18/scale = Vector3(1, 1, 1)
bones/19/name = "DEF-pelvis.L"
bones/19/parent = 0
bones/19/rest = Transform3D(-0.307938, 0.657321, -0.687824, -0.121053, 0.69001, 0.713605, 0.943674, 0.303009, -0.13291, 1.33227e-15, -2.72412e-08, -5.58794e-09)
bones/19/enabled = true
bones/19/position = Vector3(1.33227e-15, -2.72412e-08, -5.58794e-09)
bones/19/rotation = Quaternion(-0.183686, -0.729873, -0.348216, 0.55883)
bones/19/scale = Vector3(1, 1, 1)
bones/20/name = "DEF-pelvis.R"
bones/20/parent = 0
bones/20/rest = Transform3D(-0.307938, -0.657322, 0.687825, 0.121053, 0.69001, 0.713605, -0.943674, 0.303009, -0.132909, 1.33227e-15, -2.72412e-08, -5.58794e-09)
bones/20/enabled = true
bones/20/position = Vector3(1.33227e-15, -2.72412e-08, -5.58794e-09)
bones/20/rotation = Quaternion(-0.183686, 0.729873, 0.348216, 0.55883)
bones/20/scale = Vector3(1, 1, 1)
bones/21/name = "DEF-thigh.L"
bones/21/parent = 0
bones/21/rest = Transform3D(1, -4.996e-15, -8.49725e-09, -1.67996e-09, -0.980261, -0.197706, -8.32951e-09, 0.197706, -0.980263, 0.0972372, 0.0321947, 0.00573619)
bones/21/enabled = true
bones/21/position = Vector3(0.0972372, 0.0321947, 0.00573619)
bones/21/rotation = Quaternion(0.995053, -4.22079e-10, -4.2276e-09, 0.0993445)
bones/21/scale = Vector3(1, 1, 1)
bones/22/name = "DEF-thigh.L.001"
bones/22/parent = 21
bones/22/rest = Transform3D(1, -4.71368e-08, 1.32049e-14, 4.71368e-08, 1, 5.58793e-09, -1.34683e-14, -5.58793e-09, 1, -1.13608e-09, 0.173698, 6.62602e-10)
bones/22/enabled = true
bones/22/position = Vector3(-1.13608e-09, 0.173698, 6.62602e-10)
bones/22/rotation = Quaternion(-2.79396e-09, 6.66828e-15, 2.35684e-08, 1)
bones/22/scale = Vector3(1, 1, 1)
bones/23/name = "DEF-shin.L"
bones/23/parent = 22
bones/23/rest = Transform3D(1, 6.21402e-08, 2.97452e-08, -5.78502e-08, 0.991872, -0.127242, -3.74103e-08, 0.127242, 0.991872, 1.83741e-09, 0.173698, 6.62601e-10)
bones/23/enabled = true
bones/23/position = Vector3(1.83741e-09, 0.173698, 6.62601e-10)
bones/23/rotation = Quaternion(0.0637506, 1.68231e-08, -3.00587e-08, 0.997966)
bones/23/scale = Vector3(1, 1, 1)
bones/24/name = "DEF-shin.L.001"
bones/24/parent = 23
bones/24/rest = Transform3D(1, -3.13209e-08, -2.84353e-08, 3.13209e-08, 1, 1.86264e-08, 2.84353e-08, -1.86264e-08, 1, 6.07487e-09, 0.237879, 2.81506e-09)
bones/24/enabled = true
bones/24/position = Vector3(6.07487e-09, 0.237879, 2.81506e-09)
bones/24/rotation = Quaternion(-9.31322e-09, -1.42176e-08, 1.56605e-08, 1)
bones/24/scale = Vector3(1, 1, 1)
bones/25/name = "DEF-foot.L"
bones/25/parent = 24
bones/25/rest = Transform3D(0.999999, -2.20025e-07, -0.00102027, 0.000939823, 0.389398, 0.921069, 0.000397087, -0.92107, 0.389398, -3.40419e-09, 0.237879, -8.81233e-10)
bones/25/enabled = true
bones/25/position = Vector3(-3.40419e-09, 0.237879, -8.81233e-10)
bones/25/rotation = Quaternion(-0.552541, -0.000425128, 0.000281961, 0.833486)
bones/25/scale = Vector3(1, 1, 1)
bones/26/name = "DEF-toe.L"
bones/26/parent = 25
bones/26/rest = Transform3D(-0.999999, -0.000486033, -0.00089715, -7.52334e-09, 0.879264, -0.476335, 0.00102035, -0.476334, -0.879264, -5.36056e-09, 0.13996, -6.92671e-09)
bones/26/enabled = true
bones/26/position = Vector3(-5.36056e-09, 0.13996, -6.92671e-09)
bones/26/rotation = Quaternion(-0.000125353, 0.969346, -0.245699, -0.000494533)
bones/26/scale = Vector3(1, 1, 1)
bones/27/name = "DEF-thigh.R"
bones/27/parent = 0
bones/27/rest = Transform3D(1, 2.4869e-14, 4.75923e-07, 9.40928e-08, -0.980261, -0.197706, 4.66528e-07, 0.197706, -0.980262, -0.0972373, 0.0321947, 0.00573613)
bones/27/enabled = true
bones/27/position = Vector3(-0.0972373, 0.0321947, 0.00573613)
bones/27/rotation = Quaternion(0.995053, 2.36401e-08, 2.36784e-07, 0.0993445)
bones/27/scale = Vector3(1, 1, 1)
bones/28/name = "DEF-thigh.R.001"
bones/28/parent = 27
bones/28/rest = Transform3D(1, -4.71368e-08, 6.9223e-14, 4.71368e-08, 1, 2.23517e-08, -7.02766e-14, -2.23517e-08, 1, -4.8109e-09, 0.173698, 6.62597e-10)
bones/28/enabled = true
bones/28/position = Vector3(-4.8109e-09, 0.173698, 6.62597e-10)
bones/28/rotation = Quaternion(-1.11759e-08, 3.48749e-14, 2.35684e-08, 1)
bones/28/scale = Vector3(1, 1, 1)
bones/29/name = "DEF-shin.R"
bones/29/parent = 28
bones/29/rest = Transform3D(1, 5.01663e-10, 2.71254e-08, 2.9539e-09, 0.991872, -0.127242, -2.69687e-08, 0.127242, 0.991872, -1.83741e-09, 0.173698, 2.52523e-09)
bones/29/enabled = true
bones/29/position = Vector3(-1.83741e-09, 0.173698, 2.52523e-09)
bones/29/rotation = Quaternion(0.0637506, 1.35511e-08, 6.14309e-10, 0.997966)
bones/29/scale = Vector3(1, 1, 1)
bones/30/name = "DEF-shin.R.001"
bones/30/parent = 29
bones/30/rest = Transform3D(1, -3.13209e-08, -2.84353e-08, 3.13209e-08, 1, -2.6077e-08, 2.84353e-08, 2.6077e-08, 1, 5.43267e-09, 0.237879, 1.01039e-09)
bones/30/enabled = true
bones/30/position = Vector3(5.43267e-09, 0.237879, 1.01039e-09)
bones/30/rotation = Quaternion(1.30385e-08, -1.42177e-08, 1.56605e-08, 1)
bones/30/scale = Vector3(1, 1, 1)
bones/31/name = "DEF-foot.R"
bones/31/parent = 30
bones/31/rest = Transform3D(0.999999, 2.202e-07, -0.00102236, 0.000941579, 0.389398, 0.921069, 0.000398307, -0.92107, 0.389397, 3.40419e-09, 0.237879, 5.00737e-11)
bones/31/enabled = true
bones/31/position = Vector3(3.40419e-09, 0.237879, 5.00737e-11)
bones/31/rotation = Quaternion(-0.552541, -0.000426122, 0.000282356, 0.833486)
bones/31/scale = Vector3(1, 1, 1)
bones/32/name = "DEF-toe.R"
bones/32/parent = 31
bones/32/rest = Transform3D(-1, -0.000486941, -0.000898827, -7.36327e-09, 0.879264, -0.476334, 0.00102225, -0.476334, -0.879264, -6.88851e-09, 0.13996, 2.36469e-09)
bones/32/enabled = true
bones/32/position = Vector3(-6.88851e-09, 0.13996, 2.36469e-09)
bones/32/rotation = Quaternion(-0.000125587, 0.969346, -0.245699, -0.000495458)
bones/32/scale = Vector3(1, 1, 1)

[node name="Mesh" type="MeshInstance3D" parent="rig_deform/Skeleton3D"]
mesh = ExtResource("2_by5w3")
skin = SubResource("Skin_vqtvi")

[node name="BoneHead" type="BoneAttachment3D" parent="rig_deform/Skeleton3D"]
transform = Transform3D(1, 1.24345e-14, 2.38419e-07, 5.24387e-08, 0.975513, -0.219944, -2.3258e-07, 0.219944, 0.975513, 3.61641e-15, 1.54757, 0.0271628)
bone_name = "DEF-spine.006"
bone_idx = 6

[node name="Eyes" type="Marker3D" parent="rig_deform/Skeleton3D/BoneHead"]
transform = Transform3D(1, 5.24384e-08, -2.3258e-07, 2.18314e-13, 0.975512, 0.219944, 2.38418e-07, -0.219944, 0.975512, -1.94975e-08, 0.105603, 0.0817783)

[node name="AnimationPlayer" type="AnimationPlayer" parent="."]
root_node = NodePath(".")
libraries = {
"": SubResource("AnimationLibrary_jq010")
}

[connection signal="animation_finished" from="AnimationPlayer" to="." method="_on_animation_player_animation_finished"]
