[gd_scene load_steps=38 format=3 uid="uid://bedvx6ti8fk45"]

[ext_resource type="Script" path="res://objects/snake.gd" id="1_oepuu"]
[ext_resource type="ArrayMesh" uid="uid://cmi7nmku4u5v1" path="res://meshes/snake.mesh" id="2_p05ck"]
[ext_resource type="ArrayMesh" uid="uid://cqueno53dfdbd" path="res://meshes/snake_without_arm.mesh" id="3_mdhw3"]

[sub_resource type="CapsuleShape3D" id="CapsuleShape3D_mv47l"]
radius = 0.506303

[sub_resource type="Skin" id="Skin_ofyfl"]
resource_name = "Skin"
bind_count = 61
bind/0/name = &"DEF-spine"
bind/0/bone = -1
bind/0/pose = Transform3D(1, 6.92518e-08, -4.71782e-07, -1.42109e-14, 0.989398, 0.145231, 4.76837e-07, -0.145232, 0.989398, 1.29005e-07, -0.368404, -0.270543)
bind/1/name = &"DEF-spine.001"
bind/1/bone = -1
bind/1/pose = Transform3D(1, -8.81139e-08, -2.21539e-07, 0, 0.9292, -0.369576, 2.38419e-07, 0.369576, 0.9292, 1.27563e-07, -0.384784, -0.535038)
bind/2/name = &"DEF-spine.002"
bind/2/bone = -1
bind/2/pose = Transform3D(1, -1.29433e-07, -2.00226e-07, 0, 0.83981, -0.54288, 2.38419e-07, 0.54288, 0.83981, 1.55009e-07, -0.529469, -0.650153)
bind/3/name = &"DEF-spine.003"
bind/3/bone = -1
bind/3/pose = Transform3D(1, -1.46576e-07, -4.5375e-07, 1.42109e-14, 0.951583, -0.307391, 4.76837e-07, 0.307391, 0.951583, 1.99169e-07, -0.954385, -0.417687)
bind/4/name = &"DEF-spine.007"
bind/4/bone = -1
bind/4/pose = Transform3D(1, -3.91075e-08, -4.75231e-07, 1.06581e-14, 0.996631, -0.0820144, 4.76837e-07, 0.0820144, 0.996631, 6.79163e-08, -1.22209, -0.142431)
bind/5/name = &"DEF-spine.004"
bind/5/bone = -1
bind/5/pose = Transform3D(1, -1.2386e-08, -2.38097e-07, 1.42109e-14, 0.99865, -0.0519504, 2.38419e-07, 0.0519504, 0.99865, 2.34314e-08, -1.46696, -0.0982785)
bind/6/name = &"DEF-spine.005"
bind/6/bone = -1
bind/6/pose = Transform3D(1, 3.63861e-08, -2.35626e-07, 2.13163e-14, 0.988286, 0.152614, 2.38419e-07, -0.152614, 0.988286, -4.991e-08, -1.48822, 0.209338)
bind/7/name = &"DEF-spine.006"
bind/7/bone = -1
bind/7/pose = Transform3D(1, 5.24387e-08, -2.3258e-07, 2.4869e-14, 0.975513, 0.219944, 2.38419e-07, -0.219944, 0.975513, -7.48352e-08, -1.51565, 0.313882)
bind/8/name = &"DEF-shoulder.L"
bind/8/bone = -1
bind/8/pose = Transform3D(0.590717, -0.000129378, 0.806879, 0.806879, -0.000567932, -0.590717, 0.000534653, 1, -0.000231084, -0.0808856, 0.0403519, -1.41062)
bind/9/name = &"DEF-Grab_upper_arm.L"
bind/9/bone = -1
bind/9/pose = Transform3D(-0.790189, -0.57671, 0.20738, 0.576316, -0.814338, -0.0686562, 0.208472, 0.0652649, 0.975848, 0.935488, 1.02283, -0.139841)
bind/10/name = &"DEF-Grab_upper_arm.L.001"
bind/10/bone = -1
bind/10/pose = Transform3D(-0.790189, -0.57671, 0.20738, 0.576316, -0.814338, -0.0686563, 0.208472, 0.065265, 0.975848, 0.935488, 0.787874, -0.139841)
bind/11/name = &"DEF-Grab_forearm.L"
bind/11/bone = -1
bind/11/pose = Transform3D(-0.790189, -0.57671, 0.207381, 0.594434, -0.803573, 0.0303137, 0.149164, 0.147228, 0.97779, 0.935487, 0.535956, -0.195004)
bind/12/name = &"DEF-Grab_forearm.L.001"
bind/12/bone = -1
bind/12/pose = Transform3D(-0.790189, -0.57671, 0.207381, 0.594434, -0.803573, 0.0303137, 0.149163, 0.147228, 0.97779, 0.935488, 0.263768, -0.195003)
bind/13/name = &"DEF-Grab_hand.L"
bind/13/bone = -1
bind/13/pose = Transform3D(-0.834278, -0.509838, 0.209869, 0.517162, -0.855588, -0.0226554, 0.191112, 0.0896351, 0.977467, 0.932045, 0.0803752, -0.195108)
bind/14/name = &"DEF-Grab_thumb.01.L"
bind/14/bone = -1
bind/14/pose = Transform3D(0.913282, -0.199224, -0.355284, 0.160115, -0.626432, 0.762854, -0.37454, -0.753586, -0.54021, -0.603032, 0.175123, 0.691742)
bind/15/name = &"DEF-Grab_thumb.02.L"
bind/15/bone = -1
bind/15/pose = Transform3D(0.912982, -0.168387, -0.371632, 0.0245232, -0.886567, 0.46195, -0.407263, -0.430865, -0.80529, -0.614662, 0.322528, 0.603912)
bind/16/name = &"DEF-Grab_thumb.03.L"
bind/16/bone = -1
bind/16/pose = Transform3D(0.914567, -0.23666, -0.327962, 0.00653108, -0.802168, 0.597063, -0.404382, -0.548196, -0.732091, -0.596345, 0.21294, 0.635529)
bind/17/name = &"DEF-Grab_f_index.01.L"
bind/17/bone = -1
bind/17/pose = Transform3D(0.158122, -0.105576, -0.981759, 0.258966, -0.95503, 0.144411, -0.952856, -0.277077, -0.123671, -0.0489406, 0.183378, 0.94706)
bind/18/name = &"DEF-Grab_f_index.02.L"
bind/18/bone = -1
bind/18/pose = Transform3D(0.159084, -0.129806, -0.978694, 0.0378101, -0.98979, 0.137424, -0.986541, -0.0588663, -0.152552, -0.0412632, 0.31427, 0.900074)
bind/19/name = &"DEF-Grab_f_index.03.L"
bind/19/bone = -1
bind/19/pose = Transform3D(0.159174, -0.0718261, -0.984634, -0.0283172, -0.997272, 0.0681702, -0.986844, 0.0170313, -0.160774, -0.0577535, 0.309477, 0.87889)
bind/20/name = &"DEF-Grab_palm.01.L"
bind/20/bone = -1
bind/20/pose = Transform3D(0.158198, -0.0961587, -0.982714, 0.433116, -0.887634, 0.156578, -0.887347, -0.450399, -0.0987746, -0.0530378, 0.0875933, 0.964427)
bind/21/name = &"DEF-Grab_f_middle.01.L"
bind/21/bone = -1
bind/21/pose = Transform3D(-0.063288, 0.0322661, -0.997474, 0.263443, -0.963486, -0.0478817, -0.962597, -0.265808, 0.0524767, 0.0389878, 0.192593, 0.941749)
bind/22/name = &"DEF-Grab_f_middle.02.L"
bind/22/bone = -1
bind/22/pose = Transform3D(-0.0629614, 0.0199737, -0.997816, 0.0270002, -0.9994, -0.021709, -0.997651, -0.0283078, 0.0623841, 0.0430717, 0.331669, 0.888151)
bind/23/name = &"DEF-Grab_f_middle.03.L"
bind/23/bone = -1
bind/23/pose = Transform3D(-0.0614935, 0.0500526, -0.996852, -0.101032, -0.993924, -0.0436732, -0.992981, 0.0980286, 0.0661766, 0.0333178, 0.368546, 0.8485)
bind/24/name = &"DEF-Grab_palm.02.L"
bind/24/bone = -1
bind/24/pose = Transform3D(0.0276338, -0.0500379, -0.998365, 0.368347, -0.927957, 0.0567046, -0.929277, -0.369312, -0.00721186, -0.003276, 0.165237, 0.95806)
bind/25/name = &"DEF-Grab_f_ring.01.L"
bind/25/bone = -1
bind/25/pose = Transform3D(-0.191854, 0.300133, -0.934405, 0.0459854, -0.948297, -0.314037, -0.980346, -0.103218, 0.168133, -0.0123092, 0.370032, 0.901332)
bind/26/name = &"DEF-Grab_f_ring.02.L"
bind/26/bone = -1
bind/26/pose = Transform3D(-0.192401, 0.293889, -0.936275, -0.0831965, -0.955551, -0.282843, -0.977783, 0.0234758, 0.2083, -0.00962454, 0.410639, 0.854423)
bind/27/name = &"DEF-Grab_f_ring.03.L"
bind/27/bone = -1
bind/27/pose = Transform3D(-0.19172, 0.309837, -0.93126, -0.0142112, -0.949638, -0.313026, -0.981347, -0.0467787, 0.186468, -0.0145711, 0.270524, 0.876723)
bind/28/name = &"DEF-Grab_palm.03.L"
bind/28/bone = -1
bind/28/pose = Transform3D(-0.149546, 0.0269385, -0.988388, 0.576207, -0.809968, -0.109258, -0.803506, -0.585855, 0.105605, 0.0708875, -0.0666486, 0.961613)
bind/29/name = &"DEF-shoulder.R"
bind/29/bone = -1
bind/29/pose = Transform3D(0.590717, 0.000129209, -0.806879, -0.806878, -0.000567903, -0.590717, -0.000534614, 1, -0.000231194, 0.0808858, 0.0403519, -1.41062)
bind/30/name = &"DEF-Grab_upper_arm.R"
bind/30/bone = -1
bind/30/pose = Transform3D(-0.790189, 0.57671, -0.20738, -0.576316, -0.814338, -0.0686564, -0.208472, 0.0652648, 0.975848, -0.935488, 1.02283, -0.139841)
bind/31/name = &"DEF-Grab_upper_arm.R.001"
bind/31/bone = -1
bind/31/pose = Transform3D(-0.790189, 0.57671, -0.20738, -0.576316, -0.814338, -0.0686564, -0.208472, 0.0652649, 0.975848, -0.935488, 0.787874, -0.139841)
bind/32/name = &"DEF-Grab_forearm.R"
bind/32/bone = -1
bind/32/pose = Transform3D(-0.790189, 0.576709, -0.207381, -0.594433, -0.803573, 0.0303137, -0.149164, 0.147228, 0.97779, -0.935487, 0.535956, -0.195004)
bind/33/name = &"DEF-Grab_forearm.R.001"
bind/33/bone = -1
bind/33/pose = Transform3D(-0.790189, 0.57671, -0.207381, -0.594433, -0.803573, 0.0303137, -0.149164, 0.147228, 0.97779, -0.935487, 0.263768, -0.195004)
bind/34/name = &"DEF-Grab_hand.R"
bind/34/bone = -1
bind/34/pose = Transform3D(-0.834278, 0.509838, -0.209869, -0.517162, -0.855588, -0.0226557, -0.191112, 0.089635, 0.977467, -0.932045, 0.0803751, -0.195108)
bind/35/name = &"DEF-Grab_thumb.01.R"
bind/35/bone = -1
bind/35/pose = Transform3D(0.913281, 0.199224, 0.355284, -0.160115, -0.626432, 0.762854, 0.37454, -0.753586, -0.54021, 0.603032, 0.175123, 0.691742)
bind/36/name = &"DEF-Grab_thumb.02.R"
bind/36/bone = -1
bind/36/pose = Transform3D(0.912981, 0.168387, 0.371632, -0.0245227, -0.886567, 0.46195, 0.407263, -0.430865, -0.80529, 0.614662, 0.322528, 0.603912)
bind/37/name = &"DEF-Grab_thumb.03.R"
bind/37/bone = -1
bind/37/pose = Transform3D(0.914567, 0.23666, 0.327962, -0.00653061, -0.802168, 0.597063, 0.404382, -0.548196, -0.732091, 0.596344, 0.212941, 0.635529)
bind/38/name = &"DEF-Grab_f_index.01.R"
bind/38/bone = -1
bind/38/pose = Transform3D(0.158122, 0.105576, 0.981759, -0.258966, -0.95503, 0.144411, 0.952856, -0.277077, -0.123671, 0.0489406, 0.183379, 0.94706)
bind/39/name = &"DEF-Grab_f_index.02.R"
bind/39/bone = -1
bind/39/pose = Transform3D(0.159084, 0.129806, 0.978694, -0.0378098, -0.98979, 0.137424, 0.986541, -0.0588663, -0.152552, 0.0412631, 0.31427, 0.900074)
bind/40/name = &"DEF-Grab_f_index.03.R"
bind/40/bone = -1
bind/40/pose = Transform3D(0.159174, 0.0718261, 0.984634, 0.0283175, -0.997272, 0.0681702, 0.986844, 0.0170313, -0.160774, 0.0577534, 0.309478, 0.87889)
bind/41/name = &"DEF-Grab_palm.01.R"
bind/41/bone = -1
bind/41/pose = Transform3D(0.158198, 0.0961587, 0.982714, -0.433115, -0.887634, 0.156579, 0.887347, -0.450399, -0.0987745, 0.0530378, 0.0875935, 0.964427)
bind/42/name = &"DEF-Grab_f_middle.01.R"
bind/42/bone = -1
bind/42/pose = Transform3D(-0.063288, -0.0322661, 0.997474, -0.263443, -0.963486, -0.0478817, 0.962597, -0.265808, 0.0524767, -0.0389877, 0.192593, 0.941749)
bind/43/name = &"DEF-Grab_f_middle.02.R"
bind/43/bone = -1
bind/43/pose = Transform3D(-0.0629614, -0.0199737, 0.997816, -0.0269996, -0.999399, -0.0217091, 0.997651, -0.0283078, 0.0623842, -0.0430717, 0.33167, 0.888151)
bind/44/name = &"DEF-Grab_f_middle.03.R"
bind/44/bone = -1
bind/44/pose = Transform3D(-0.0614934, -0.0500526, 0.996852, 0.101033, -0.993924, -0.0436732, 0.992981, 0.0980285, 0.0661767, -0.0333177, 0.368547, 0.8485)
bind/45/name = &"DEF-Grab_palm.02.R"
bind/45/bone = -1
bind/45/pose = Transform3D(0.0276339, 0.0500378, 0.998365, -0.368347, -0.927957, 0.0567046, 0.929277, -0.369312, -0.00721186, 0.00327606, 0.165238, 0.95806)
bind/46/name = &"DEF-Grab_f_ring.01.R"
bind/46/bone = -1
bind/46/pose = Transform3D(-0.191854, -0.300133, 0.934405, -0.045985, -0.948296, -0.314037, 0.980345, -0.103218, 0.168133, 0.0123093, 0.370032, 0.901331)
bind/47/name = &"DEF-Grab_f_ring.02.R"
bind/47/bone = -1
bind/47/pose = Transform3D(-0.192401, -0.293889, 0.936275, 0.0831968, -0.955551, -0.282843, 0.977783, 0.0234757, 0.2083, 0.00962453, 0.410639, 0.854423)
bind/48/name = &"DEF-Grab_f_ring.03.R"
bind/48/bone = -1
bind/48/pose = Transform3D(-0.19172, -0.309837, 0.93126, 0.0142115, -0.949638, -0.313026, 0.981347, -0.0467788, 0.186468, 0.0145711, 0.270524, 0.876723)
bind/49/name = &"DEF-Grab_palm.03.R"
bind/49/bone = -1
bind/49/pose = Transform3D(-0.149546, -0.0269385, 0.988388, -0.576207, -0.809968, -0.109258, 0.803506, -0.585855, 0.105605, -0.0708874, -0.0666484, 0.961613)
bind/50/name = &"DEF-tail.001"
bind/50/bone = -1
bind/50/pose = Transform3D(1, -1.37391e-07, 1.94852e-07, -1.42109e-13, -0.817267, -0.57626, 2.38418e-07, 0.57626, -0.817268, -1.79017e-08, 0.450862, 0.0750852)
bind/51/name = &"DEF-tail.002"
bind/51/bone = -1
bind/51/pose = Transform3D(1, 2.20422e-07, -9.08721e-08, -4.76064e-13, -0.381144, -0.924517, -2.38419e-07, 0.924516, -0.381145, -1.69301e-08, 0.251962, -0.0710101)
bind/52/name = &"DEF-tail.003"
bind/52/bone = -1
bind/52/pose = Transform3D(1, -9.77443e-14, 1.97994e-14, -5.54155e-13, -0.128196, -0.99175, -2.5791e-13, 0.991749, -0.128197, 1.40273e-14, -0.00563044, -0.0720157)
bind/53/name = &"DEF-tail.004"
bind/53/bone = -1
bind/53/pose = Transform3D(1, 3.50248e-19, 3.08954e-17, -5.95965e-13, -0.0223002, -0.999753, -2.9585e-13, 0.999751, -0.0223012, 5.48787e-15, -0.20101, -0.0509865)
bind/54/name = &"DEF-tail.005"
bind/54/bone = -1
bind/54/pose = Transform3D(1, 1.1666e-25, 1.50361e-24, -5.94901e-13, -0.0259861, -0.999663, -2.98046e-13, 0.999662, -0.0259871, 5.47545e-15, -0.401359, -0.0524666)
bind/55/name = &"DEF-tail.006"
bind/55/bone = -1
bind/55/pose = Transform3D(1, -1.21891e-32, 6.40629e-33, -5.96141e-13, -0.0218103, -0.999763, -2.95558e-13, 0.999762, -0.0218113, 5.47545e-15, -0.603237, -0.0499473)
bind/56/name = &"DEF-tail.007"
bind/56/bone = -1
bind/56/pose = Transform3D(1, 0, 0, -6.01725e-13, -0.00254359, -0.999998, -2.84017e-13, 0.999997, -0.00254457, 5.47545e-15, -0.803303, -0.0344763)
bind/57/name = &"DEF-tail.008"
bind/57/bone = -1
bind/57/pose = Transform3D(1, 2.06297e-26, -7.40065e-24, -6.04011e-13, 0.00557602, -0.999986, -2.79122e-13, 0.999984, 0.00557505, 5.47545e-15, -1.00448, -0.0263212)
bind/58/name = &"DEF-tail.009"
bind/58/bone = -1
bind/58/pose = Transform3D(1, 1.91763e-36, -3.43902e-34, -6.04011e-13, 0.00557601, -0.999986, -2.79122e-13, 0.999984, 0.00557504, 5.47545e-15, -1.22803, -0.0263212)
bind/59/name = &"DEF-tail.010"
bind/59/bone = -1
bind/59/pose = Transform3D(1, -2.06297e-26, 7.40065e-24, -6.04011e-13, 0.00557602, -0.999986, -2.79122e-13, 0.999984, 0.00557505, 5.47545e-15, -1.45157, -0.0263212)
bind/60/name = &"DEF-tail.011"
bind/60/bone = -1
bind/60/pose = Transform3D(1, -1.91763e-36, 3.43902e-34, -6.04011e-13, 0.00557601, -0.999986, -2.79122e-13, 0.999984, 0.00557504, 5.47545e-15, -1.67511, -0.0263212)

[sub_resource type="Animation" id="Animation_ovl3w"]
resource_name = "Baked_A-Pose"
length = 2.5
tracks/0/type = "rotation_3d"
tracks/0/imported = true
tracks/0/enabled = true
tracks/0/path = NodePath("rig_deform/Skeleton3D:DEF-tail.009")
tracks/0/interp = 1
tracks/0/loop_wrap = true
tracks/0/keys = PackedFloat32Array(0, 1, -2.40561e-09, 0.00915231, -0.251308, 0.967864)
tracks/1/type = "rotation_3d"
tracks/1/imported = true
tracks/1/enabled = true
tracks/1/path = NodePath("rig_deform/Skeleton3D:DEF-tail.010")
tracks/1/interp = 1
tracks/1/loop_wrap = true
tracks/1/keys = PackedFloat32Array(0, 1, 1.0594e-08, 0.0038153, -0.104762, 0.99449)
tracks/2/type = "rotation_3d"
tracks/2/imported = true
tracks/2/enabled = true
tracks/2/path = NodePath("rig_deform/Skeleton3D:DEF-tail.011")
tracks/2/interp = 1
tracks/2/loop_wrap = true
tracks/2/keys = PackedFloat32Array(0, 1, -1.7672e-08, -0.00996558, 0.273638, 0.961781)
tracks/3/type = "position_3d"
tracks/3/imported = true
tracks/3/enabled = true
tracks/3/path = NodePath("rig_deform/Skeleton3D:DEF-spine")
tracks/3/interp = 1
tracks/3/loop_wrap = true
tracks/3/keys = PackedFloat32Array(0, 1, -3.87946e-17, 0.325206, 0.321178)
tracks/4/type = "rotation_3d"
tracks/4/imported = true
tracks/4/enabled = true
tracks/4/path = NodePath("rig_deform/Skeleton3D:DEF-spine")
tracks/4/interp = 1
tracks/4/loop_wrap = true
tracks/4/keys = PackedFloat32Array(0, 1, 0.072809, 2.37786e-07, 1.7359e-08, 0.997346)
tracks/5/type = "position_3d"
tracks/5/imported = true
tracks/5/enabled = true
tracks/5/path = NodePath("rig_deform/Skeleton3D:DEF-Grab_upper_arm.L.001")
tracks/5/interp = 1
tracks/5/loop_wrap = true
tracks/5/keys = PackedFloat32Array(0, 1, -4.19095e-09, 0.234955, 3.72529e-09)
tracks/6/type = "rotation_3d"
tracks/6/imported = true
tracks/6/enabled = true
tracks/6/path = NodePath("rig_deform/Skeleton3D:DEF-Grab_upper_arm.L.001")
tracks/6/interp = 1
tracks/6/loop_wrap = true
tracks/6/keys = PackedFloat32Array(0, 1, -5.21541e-08, -1.51806e-07, -5.86733e-08, 1)
tracks/7/type = "position_3d"
tracks/7/imported = true
tracks/7/enabled = true
tracks/7/path = NodePath("rig_deform/Skeleton3D:DEF-Grab_forearm.L")
tracks/7/interp = 1
tracks/7/loop_wrap = true
tracks/7/keys = PackedFloat32Array(0, 1, 4.74975e-08, 0.234955, 2.04891e-08)
tracks/8/type = "rotation_3d"
tracks/8/imported = true
tracks/8/enabled = true
tracks/8/path = NodePath("rig_deform/Skeleton3D:DEF-Grab_forearm.L")
tracks/8/interp = 1
tracks/8/loop_wrap = true
tracks/8/keys = PackedFloat32Array(0, 1, 0.0505945, -4.98896e-07, 4.2313e-08, 0.998719)
tracks/9/type = "position_3d"
tracks/9/imported = true
tracks/9/enabled = true
tracks/9/path = NodePath("rig_deform/Skeleton3D:DEF-Grab_forearm.L.001")
tracks/9/interp = 1
tracks/9/loop_wrap = true
tracks/9/keys = PackedFloat32Array(0, 1, 9.35979e-08, 0.272188, -1.21072e-08)
tracks/10/type = "rotation_3d"
tracks/10/imported = true
tracks/10/enabled = true
tracks/10/path = NodePath("rig_deform/Skeleton3D:DEF-Grab_forearm.L.001")
tracks/10/interp = 1
tracks/10/loop_wrap = true
tracks/10/keys = PackedFloat32Array(0, 1, 3.0268e-08, 1.65775e-07, 1.73575e-07, 1)
tracks/11/type = "position_3d"
tracks/11/imported = true
tracks/11/enabled = true
tracks/11/path = NodePath("rig_deform/Skeleton3D:DEF-Grab_hand.L")
tracks/11/interp = 1
tracks/11/loop_wrap = true
tracks/11/keys = PackedFloat32Array(0, 1, -1.3801e-07, 0.272188, 2.44472e-08)
tracks/12/type = "rotation_3d"
tracks/12/imported = true
tracks/12/enabled = true
tracks/12/path = NodePath("rig_deform/Skeleton3D:DEF-Grab_hand.L")
tracks/12/interp = 1
tracks/12/loop_wrap = true
tracks/12/keys = PackedFloat32Array(0, 1, -0.0355968, -0.0014274, -0.0400429, 0.998563)
tracks/13/type = "position_3d"
tracks/13/imported = true
tracks/13/enabled = true
tracks/13/path = NodePath("rig_deform/Skeleton3D:DEF-Grab_upper_arm.R.001")
tracks/13/interp = 1
tracks/13/loop_wrap = true
tracks/13/keys = PackedFloat32Array(0, 1, 3.3353e-08, 0.234955, 1.44355e-08)
tracks/14/type = "rotation_3d"
tracks/14/imported = true
tracks/14/enabled = true
tracks/14/path = NodePath("rig_deform/Skeleton3D:DEF-Grab_upper_arm.R.001")
tracks/14/interp = 1
tracks/14/loop_wrap = true
tracks/14/keys = PackedFloat32Array(0, 1, -2.32831e-08, 1.18278e-07, 7.82311e-08, 1)
tracks/15/type = "position_3d"
tracks/15/imported = true
tracks/15/enabled = true
tracks/15/path = NodePath("rig_deform/Skeleton3D:DEF-Grab_forearm.R")
tracks/15/interp = 1
tracks/15/loop_wrap = true
tracks/15/keys = PackedFloat32Array(0, 1, 9.82545e-08, 0.234955, 1.86265e-09)
tracks/16/type = "rotation_3d"
tracks/16/imported = true
tracks/16/enabled = true
tracks/16/path = NodePath("rig_deform/Skeleton3D:DEF-Grab_forearm.R")
tracks/16/interp = 1
tracks/16/loop_wrap = true
tracks/16/keys = PackedFloat32Array(0, 1, 0.0505945, 7.10578e-07, 9.48836e-08, 0.998719)
tracks/17/type = "position_3d"
tracks/17/imported = true
tracks/17/enabled = true
tracks/17/path = NodePath("rig_deform/Skeleton3D:DEF-Grab_forearm.R.001")
tracks/17/interp = 1
tracks/17/loop_wrap = true
tracks/17/keys = PackedFloat32Array(0, 1, 2.51457e-08, 0.272188, 3.72529e-09)
tracks/18/type = "rotation_3d"
tracks/18/imported = true
tracks/18/enabled = true
tracks/18/path = NodePath("rig_deform/Skeleton3D:DEF-Grab_forearm.R.001")
tracks/18/interp = 1
tracks/18/loop_wrap = true
tracks/18/keys = PackedFloat32Array(0, 1, 1.44355e-08, -2.29105e-07, -1.4843e-07, 1)
tracks/19/type = "position_3d"
tracks/19/imported = true
tracks/19/enabled = true
tracks/19/path = NodePath("rig_deform/Skeleton3D:DEF-Grab_hand.R")
tracks/19/interp = 1
tracks/19/loop_wrap = true
tracks/19/keys = PackedFloat32Array(0, 1, -1.60071e-08, 0.272188, 7.21775e-09)
tracks/20/type = "rotation_3d"
tracks/20/imported = true
tracks/20/enabled = true
tracks/20/path = NodePath("rig_deform/Skeleton3D:DEF-Grab_hand.R")
tracks/20/interp = 1
tracks/20/loop_wrap = true
tracks/20/keys = PackedFloat32Array(0, 1, -0.0355969, 0.00142731, 0.0400426, 0.998563)
tracks/21/type = "rotation_3d"
tracks/21/imported = true
tracks/21/enabled = true
tracks/21/path = NodePath("rig_deform/Skeleton3D:DEF-spine.001")
tracks/21/interp = 1
tracks/21/loop_wrap = true
tracks/21/keys = PackedFloat32Array(0, 1, -0.259158, -1.15136e-07, -9.26821e-08, 0.965835)
tracks/22/type = "rotation_3d"
tracks/22/imported = true
tracks/22/enabled = true
tracks/22/path = NodePath("rig_deform/Skeleton3D:DEF-spine.002")
tracks/22/interp = 1
tracks/22/loop_wrap = true
tracks/22/keys = PackedFloat32Array(0, 1, -0.0974998, -2.84462e-14, -2.32458e-08, 0.995236)
tracks/23/type = "rotation_3d"
tracks/23/imported = true
tracks/23/enabled = true
tracks/23/path = NodePath("rig_deform/Skeleton3D:DEF-spine.003")
tracks/23/interp = 1
tracks/23/loop_wrap = true
tracks/23/keys = PackedFloat32Array(0, 1, 0.130334, 1.18192e-07, 4.66112e-08, 0.99147)
tracks/24/type = "rotation_3d"
tracks/24/imported = true
tracks/24/enabled = true
tracks/24/path = NodePath("rig_deform/Skeleton3D:DEF-spine.007")
tracks/24/interp = 1
tracks/24/loop_wrap = true
tracks/24/keys = PackedFloat32Array(0, 1, 0.114917, -2.10114e-14, 5.47969e-08, 0.993375)
tracks/25/type = "rotation_3d"
tracks/25/imported = true
tracks/25/enabled = true
tracks/25/path = NodePath("rig_deform/Skeleton3D:DEF-spine.004")
tracks/25/interp = 1
tracks/25/loop_wrap = true
tracks/25/keys = PackedFloat32Array(0, 1, 0.0150658, -1.19196e-07, 5.38797e-09, 0.999887)
tracks/26/type = "rotation_3d"
tracks/26/imported = true
tracks/26/enabled = true
tracks/26/path = NodePath("rig_deform/Skeleton3D:DEF-spine.006")
tracks/26/interp = 1
tracks/26/loop_wrap = true
tracks/26/keys = PackedFloat32Array(0, 1, 0.0342651, -1.44414e-14, 8.16943e-09, 0.999413)
tracks/27/type = "rotation_3d"
tracks/27/imported = true
tracks/27/enabled = true
tracks/27/path = NodePath("rig_deform/Skeleton3D:DEF-Grab_upper_arm.L")
tracks/27/interp = 1
tracks/27/loop_wrap = true
tracks/27/keys = PackedFloat32Array(0, 1, -0.179889, 0.659594, -0.463273, 0.563874)
tracks/28/type = "rotation_3d"
tracks/28/imported = true
tracks/28/enabled = true
tracks/28/path = NodePath("rig_deform/Skeleton3D:DEF-Grab_thumb.01.L")
tracks/28/interp = 1
tracks/28/loop_wrap = true
tracks/28/keys = PackedFloat32Array(0, 1, 0.287555, 0.866542, 0.341419, 0.223273)
tracks/29/type = "rotation_3d"
tracks/29/imported = true
tracks/29/enabled = true
tracks/29/path = NodePath("rig_deform/Skeleton3D:DEF-Grab_thumb.02.L")
tracks/29/interp = 1
tracks/29/loop_wrap = true
tracks/29/keys = PackedFloat32Array(0, 1, 0.209424, 0.00365535, -0.0170646, 0.977669)
tracks/30/type = "rotation_3d"
tracks/30/imported = true
tracks/30/enabled = true
tracks/30/path = NodePath("rig_deform/Skeleton3D:DEF-Grab_thumb.03.L")
tracks/30/interp = 1
tracks/30/loop_wrap = true
tracks/30/keys = PackedFloat32Array(0, 1, -0.0691598, 0.000396419, 0.0405283, 0.996782)
tracks/31/type = "rotation_3d"
tracks/31/imported = true
tracks/31/enabled = true
tracks/31/path = NodePath("rig_deform/Skeleton3D:DEF-Grab_f_index.02.L")
tracks/31/interp = 1
tracks/31/loop_wrap = true
tracks/31/keys = PackedFloat32Array(0, 1, 0.11133, -0.00136552, 0.0121445, 0.993708)
tracks/32/type = "rotation_3d"
tracks/32/imported = true
tracks/32/enabled = true
tracks/32/path = NodePath("rig_deform/Skeleton3D:DEF-Grab_f_index.03.L")
tracks/32/interp = 1
tracks/32/loop_wrap = true
tracks/32/keys = PackedFloat32Array(0, 1, 0.0381707, 0.000186104, -0.0291412, 0.998846)
tracks/33/type = "rotation_3d"
tracks/33/imported = true
tracks/33/enabled = true
tracks/33/path = NodePath("rig_deform/Skeleton3D:DEF-Grab_f_middle.01.L")
tracks/33/interp = 1
tracks/33/loop_wrap = true
tracks/33/keys = PackedFloat32Array(0, 1, 0.0738774, 0.756829, -0.117068, 0.638786)
tracks/34/type = "rotation_3d"
tracks/34/imported = true
tracks/34/enabled = true
tracks/34/path = NodePath("rig_deform/Skeleton3D:DEF-Grab_f_middle.02.L")
tracks/34/interp = 1
tracks/34/loop_wrap = true
tracks/34/keys = PackedFloat32Array(0, 1, 0.120136, -0.000739306, 0.00610619, 0.992738)
tracks/35/type = "rotation_3d"
tracks/35/imported = true
tracks/35/enabled = true
tracks/35/path = NodePath("rig_deform/Skeleton3D:DEF-Grab_f_middle.03.L")
tracks/35/interp = 1
tracks/35/loop_wrap = true
tracks/35/keys = PackedFloat32Array(0, 1, 0.0632395, 0.000175583, -0.0150641, 0.997885)
tracks/36/type = "rotation_3d"
tracks/36/imported = true
tracks/36/enabled = true
tracks/36/path = NodePath("rig_deform/Skeleton3D:DEF-Grab_f_ring.01.L")
tracks/36/interp = 1
tracks/36/loop_wrap = true
tracks/36/keys = PackedFloat32Array(0, 1, 0.0154425, 0.718257, -0.280424, 0.636577)
tracks/37/type = "rotation_3d"
tracks/37/imported = true
tracks/37/enabled = true
tracks/37/path = NodePath("rig_deform/Skeleton3D:DEF-Grab_f_ring.02.L")
tracks/37/interp = 1
tracks/37/loop_wrap = true
tracks/37/keys = PackedFloat32Array(0, 1, 0.0664663, -0.000216728, 0.00326333, 0.997783)
tracks/38/type = "rotation_3d"
tracks/38/imported = true
tracks/38/enabled = true
tracks/38/path = NodePath("rig_deform/Skeleton3D:DEF-Grab_f_ring.03.L")
tracks/38/interp = 1
tracks/38/loop_wrap = true
tracks/38/keys = PackedFloat32Array(0, 1, -0.0368273, -6.85156e-05, -0.00836557, 0.999287)
tracks/39/type = "rotation_3d"
tracks/39/imported = true
tracks/39/enabled = true
tracks/39/path = NodePath("rig_deform/Skeleton3D:DEF-Grab_upper_arm.R")
tracks/39/interp = 1
tracks/39/loop_wrap = true
tracks/39/keys = PackedFloat32Array(0, 1, -0.179889, -0.659594, 0.463273, 0.563874)
tracks/40/type = "rotation_3d"
tracks/40/imported = true
tracks/40/enabled = true
tracks/40/path = NodePath("rig_deform/Skeleton3D:DEF-Grab_thumb.01.R")
tracks/40/interp = 1
tracks/40/loop_wrap = true
tracks/40/keys = PackedFloat32Array(0, 1, 0.287556, -0.866541, -0.341419, 0.223273)
tracks/41/type = "rotation_3d"
tracks/41/imported = true
tracks/41/enabled = true
tracks/41/path = NodePath("rig_deform/Skeleton3D:DEF-Grab_thumb.02.R")
tracks/41/interp = 1
tracks/41/loop_wrap = true
tracks/41/keys = PackedFloat32Array(0, 1, 0.209424, -0.00365538, 0.0170646, 0.977669)
tracks/42/type = "rotation_3d"
tracks/42/imported = true
tracks/42/enabled = true
tracks/42/path = NodePath("rig_deform/Skeleton3D:DEF-Grab_thumb.03.R")
tracks/42/interp = 1
tracks/42/loop_wrap = true
tracks/42/keys = PackedFloat32Array(0, 1, -0.0691598, -0.000396441, -0.0405283, 0.996782)
tracks/43/type = "rotation_3d"
tracks/43/imported = true
tracks/43/enabled = true
tracks/43/path = NodePath("rig_deform/Skeleton3D:DEF-Grab_f_index.02.R")
tracks/43/interp = 1
tracks/43/loop_wrap = true
tracks/43/keys = PackedFloat32Array(0, 1, 0.11133, 0.00136559, -0.0121446, 0.993708)
tracks/44/type = "rotation_3d"
tracks/44/imported = true
tracks/44/enabled = true
tracks/44/path = NodePath("rig_deform/Skeleton3D:DEF-Grab_f_index.03.R")
tracks/44/interp = 1
tracks/44/loop_wrap = true
tracks/44/keys = PackedFloat32Array(0, 1, 0.0381707, -0.000186081, 0.0291413, 0.998846)
tracks/45/type = "rotation_3d"
tracks/45/imported = true
tracks/45/enabled = true
tracks/45/path = NodePath("rig_deform/Skeleton3D:DEF-Grab_f_middle.01.R")
tracks/45/interp = 1
tracks/45/loop_wrap = true
tracks/45/keys = PackedFloat32Array(0, 1, 0.0738775, -0.756829, 0.117069, 0.638786)
tracks/46/type = "rotation_3d"
tracks/46/imported = true
tracks/46/enabled = true
tracks/46/path = NodePath("rig_deform/Skeleton3D:DEF-Grab_f_middle.02.R")
tracks/46/interp = 1
tracks/46/loop_wrap = true
tracks/46/keys = PackedFloat32Array(0, 1, 0.120136, 0.000739334, -0.00610619, 0.992738)
tracks/47/type = "rotation_3d"
tracks/47/imported = true
tracks/47/enabled = true
tracks/47/path = NodePath("rig_deform/Skeleton3D:DEF-Grab_f_middle.03.R")
tracks/47/interp = 1
tracks/47/loop_wrap = true
tracks/47/keys = PackedFloat32Array(0, 1, 0.0632395, -0.000175635, 0.0150641, 0.997885)
tracks/48/type = "rotation_3d"
tracks/48/imported = true
tracks/48/enabled = true
tracks/48/path = NodePath("rig_deform/Skeleton3D:DEF-Grab_f_ring.01.R")
tracks/48/interp = 1
tracks/48/loop_wrap = true
tracks/48/keys = PackedFloat32Array(0, 1, 0.0154426, -0.718257, 0.280424, 0.636577)
tracks/49/type = "rotation_3d"
tracks/49/imported = true
tracks/49/enabled = true
tracks/49/path = NodePath("rig_deform/Skeleton3D:DEF-Grab_f_ring.02.R")
tracks/49/interp = 1
tracks/49/loop_wrap = true
tracks/49/keys = PackedFloat32Array(0, 1, 0.0664663, 0.000216778, -0.00326335, 0.997783)
tracks/50/type = "rotation_3d"
tracks/50/imported = true
tracks/50/enabled = true
tracks/50/path = NodePath("rig_deform/Skeleton3D:DEF-Grab_f_ring.03.R")
tracks/50/interp = 1
tracks/50/loop_wrap = true
tracks/50/keys = PackedFloat32Array(0, 1, -0.0368273, 6.84996e-05, 0.00836557, 0.999287)
tracks/51/type = "rotation_3d"
tracks/51/imported = true
tracks/51/enabled = true
tracks/51/path = NodePath("rig_deform/Skeleton3D:DEF-tail.001")
tracks/51/interp = 1
tracks/51/loop_wrap = true
tracks/51/keys = PackedFloat32Array(0, 1, -0.972701, -2.76642e-08, -3.47864e-07, 0.232064)
tracks/52/type = "rotation_3d"
tracks/52/imported = true
tracks/52/enabled = true
tracks/52/path = NodePath("rig_deform/Skeleton3D:DEF-tail.002")
tracks/52/interp = 1
tracks/52/loop_wrap = true
tracks/52/keys = PackedFloat32Array(0, 1, 0.279054, -2.28947e-07, -5.17956e-14, 0.960275)
tracks/53/type = "rotation_3d"
tracks/53/imported = true
tracks/53/enabled = true
tracks/53/path = NodePath("rig_deform/Skeleton3D:DEF-tail.003")
tracks/53/interp = 1
tracks/53/loop_wrap = true
tracks/53/keys = PackedFloat32Array(0, 1, 0.130865, 1.18184e-07, -1.56003e-08, 0.9914)
tracks/54/type = "rotation_3d"
tracks/54/imported = true
tracks/54/enabled = true
tracks/54/path = NodePath("rig_deform/Skeleton3D:DEF-tail.004")
tracks/54/interp = 1
tracks/54/loop_wrap = true
tracks/54/keys = PackedFloat32Array(0, 1, 0.053099, -4.94782e-14, 6.17331e-15, 0.998589)
tracks/55/type = "rotation_3d"
tracks/55/imported = true
tracks/55/enabled = true
tracks/55/path = NodePath("rig_deform/Skeleton3D:DEF-tail.005")
tracks/55/interp = 1
tracks/55/loop_wrap = true
tracks/55/keys = PackedFloat32Array(0, 1, -0.00184348, -2.02966e-19, 1.54477e-17, 0.999998)
tracks/56/type = "rotation_3d"
tracks/56/imported = true
tracks/56/enabled = true
tracks/56/path = NodePath("rig_deform/Skeleton3D:DEF-tail.006")
tracks/56/interp = 1
tracks/56/loop_wrap = true
tracks/56/keys = PackedFloat32Array(0, 1, 0.00208851, -6.35274e-21, 3.76449e-25, 0.999998)
tracks/57/type = "rotation_3d"
tracks/57/imported = true
tracks/57/enabled = true
tracks/57/path = NodePath("rig_deform/Skeleton3D:DEF-tail.007")
tracks/57/interp = 1
tracks/57/loop_wrap = true
tracks/57/keys = PackedFloat32Array(0, 1, 0.00963407, 1.69414e-21, -4.23536e-22, 0.999954)
tracks/58/type = "rotation_3d"
tracks/58/imported = true
tracks/58/enabled = true
tracks/58/path = NodePath("rig_deform/Skeleton3D:DEF-tail.008")
tracks/58/interp = 1
tracks/58/loop_wrap = true
tracks/58/keys = PackedFloat32Array(0, 1, 0.00405981, -1.79995e-21, -2.00095e-20, 0.999992)
tracks/59/type = "rotation_3d"
tracks/59/imported = true
tracks/59/enabled = true
tracks/59/path = NodePath("rig_deform/Skeleton3D:DEF-spine.005")
tracks/59/interp = 1
tracks/59/loop_wrap = true
tracks/59/keys = PackedFloat32Array(0, 1, 0.102414, -2.4554e-14, 2.44173e-08, 0.994742)
tracks/60/type = "rotation_3d"
tracks/60/imported = true
tracks/60/enabled = true
tracks/60/path = NodePath("rig_deform/Skeleton3D:DEF-Grab_f_index.01.L")
tracks/60/interp = 1
tracks/60/loop_wrap = true
tracks/60/keys = PackedFloat32Array(0, 1, 0.154857, 0.799956, -0.0462123, 0.577887)
tracks/61/type = "rotation_3d"
tracks/61/imported = true
tracks/61/enabled = true
tracks/61/path = NodePath("rig_deform/Skeleton3D:DEF-Grab_f_index.01.R")
tracks/61/interp = 1
tracks/61/loop_wrap = true
tracks/61/keys = PackedFloat32Array(0, 1, 0.154857, -0.799956, 0.0462124, 0.577887)

[sub_resource type="Animation" id="Animation_f630q"]
resource_name = "Baked_Attack_Grab"
length = 0.75
tracks/0/type = "position_3d"
tracks/0/imported = true
tracks/0/enabled = true
tracks/0/path = NodePath("rig_deform/Skeleton3D:DEF-spine")
tracks/0/interp = 1
tracks/0/loop_wrap = true
tracks/0/keys = PackedFloat32Array(0, 1, 1.41721e-14, 0.343248, 0.172777)
tracks/1/type = "rotation_3d"
tracks/1/imported = true
tracks/1/enabled = true
tracks/1/path = NodePath("rig_deform/Skeleton3D:DEF-spine")
tracks/1/interp = 1
tracks/1/loop_wrap = true
tracks/1/keys = PackedFloat32Array(0, 1, -0.0800792, 2.37653e-07, -1.90924e-08, 0.996789)
tracks/2/type = "rotation_3d"
tracks/2/imported = true
tracks/2/enabled = true
tracks/2/path = NodePath("rig_deform/Skeleton3D:DEF-spine.001")
tracks/2/interp = 1
tracks/2/loop_wrap = true
tracks/2/keys = PackedFloat32Array(0, 1, -0.184567, -1.17161e-07, -6.60062e-08, 0.98282)
tracks/3/type = "rotation_3d"
tracks/3/imported = true
tracks/3/enabled = true
tracks/3/path = NodePath("rig_deform/Skeleton3D:DEF-spine.002")
tracks/3/interp = 1
tracks/3/loop_wrap = true
tracks/3/keys = PackedFloat32Array(0, 1, 0.25424, 5.04691e-11, 7.22052e-08, 0.967141, 0.0333333, 1, 0.236716, 1.38574e-10, 6.94127e-08, 0.971579, 0.0666667, 1, 0.19821, 4.04465e-10, 6.31608e-08, 0.98016, 0.1, 1, 0.144549, 8.91018e-10, 5.42992e-08, 0.989498, 0.166667, 1, 0.0203102, 2.4813e-09, 3.34301e-08, 0.999794, 0.2, 1, -0.0262623, 3.30085e-09, 2.56714e-08, 0.999655, 0.233333, 1, -0.0514454, 2.5066e-09, 7.50207e-09, 0.998676, 0.266667, 1, 0.011201, -2.24221e-08, -4.27765e-10, 0.999937, 0.3, 1, 0.186781, -5.62201e-08, 5.56419e-09, 0.982401, 0.333333, 1, 0.447859, -4.42989e-08, 1.18832e-08, 0.894104, 0.366667, 1, 0.571052, -1.07944e-08, 1.26874e-07, 0.820914, 0.4, 1, 0.600111, -2.35662e-09, 1.55306e-07, 0.799916, 0.433333, 1, 0.600111, -2.35662e-09, 1.55306e-07, 0.799916, 0.466667, 1, 0.574741, -2.2037e-09, 1.55262e-07, 0.818336, 0.5, 1, 0.467866, -1.57187e-09, 1.53561e-07, 0.883799, 0.533333, 1, 0.233584, 2.38569e-09, 1.40221e-07, 0.972337, 0.566667, 1, 0.0525285, 2.35271e-09, 5.72309e-08, 0.998619, 0.6, 1, -0.0346817, 1.56699e-09, 1.41679e-09, 0.999398, 0.633333, 1, -0.0272811, 1.24766e-09, -6.10013e-10, 0.999628, 0.666667, 1, 0.0440425, 5.28329e-10, 1.00309e-08, 0.99903, 0.7, 1, 0.157273, -4.65543e-08, 2.17092e-08, 0.987555, 0.733333, 1, 0.226805, -2.32878e-08, 5.31894e-08, 0.97394, 0.75, 1, 0.254241, 5.04801e-11, 7.22052e-08, 0.967141)
tracks/4/type = "rotation_3d"
tracks/4/imported = true
tracks/4/enabled = true
tracks/4/path = NodePath("rig_deform/Skeleton3D:DEF-spine.003")
tracks/4/interp = 1
tracks/4/loop_wrap = true
tracks/4/keys = PackedFloat32Array(0, 1, 0.304838, 1.0727e-07, 9.92687e-08, 0.952404, 0.0333333, 1, 0.293154, 1.0723e-07, 9.37542e-08, 0.956065, 0.0666667, 1, 0.267193, 1.07407e-07, 8.15237e-08, 0.963643, 0.1, 1, 0.230705, 1.08021e-07, 6.43572e-08, 0.973024, 0.166667, 1, 0.145532, 1.10759e-07, 2.4264e-08, 0.989354, 0.2, 1, 0.113824, 1.12415e-07, 9.19145e-09, 0.993501, 0.233333, 1, 0.0967421, 1.15053e-07, 1.49932e-08, 0.995309, 0.266667, 1, 0.112643, 1.42313e-07, 3.69269e-08, 0.993636, 0.3, 1, 0.166953, 1.87088e-07, 7.47152e-08, 0.985965, 0.333333, 1, 0.251752, 2.11198e-07, 1.32275e-07, 0.967792, 0.366667, 1, 0.29429, 1.26219e-07, 1.06497e-07, 0.955716, 0.4, 1, 0.304838, 1.04929e-07, 1.00018e-07, 0.952404, 0.433333, 1, 0.304838, 1.04929e-07, 1.00018e-07, 0.952404, 0.466667, 1, 0.298589, 1.01299e-07, 9.32962e-08, 0.954382, 0.5, 1, 0.273467, 8.67388e-08, 6.63718e-08, 0.961881, 0.566667, 1, 0.153624, 1.01123e-07, 1.36602e-08, 0.988129, 0.6, 1, 0.110211, 1.16144e-07, 2.98832e-08, 0.993908, 0.633333, 1, 0.101652, 1.17092e-07, 3.05374e-08, 0.99482, 0.666667, 1, 0.145532, 1.1751e-07, 5.26073e-08, 0.989354, 0.7, 1, 0.230705, 1.64778e-07, 7.69026e-08, 0.973024, 0.733333, 1, 0.283706, 1.34979e-07, 9.27521e-08, 0.958911, 0.75, 1, 0.304838, 1.0727e-07, 9.92687e-08, 0.952404)
tracks/5/type = "rotation_3d"
tracks/5/imported = true
tracks/5/enabled = true
tracks/5/path = NodePath("rig_deform/Skeleton3D:DEF-spine.007")
tracks/5/interp = 1
tracks/5/loop_wrap = true
tracks/5/keys = PackedFloat32Array(0, 1, 0.222951, -2.91556e-14, 1.06311e-07, 0.97483, 0.0333333, 1, 0.210998, 8.6975e-15, 1.00612e-07, 0.977486, 0.0666667, 1, 0.184488, -1.11573e-15, 8.79707e-08, 0.982835, 0.1, 1, 0.147335, 9.77522e-15, 7.02549e-08, 0.989087, 0.166667, 1, 0.0610834, 1.77968e-14, 2.91268e-08, 0.998133, 0.2, 1, 0.029139, 7.96015e-14, 1.38945e-08, 0.999575, 0.233333, 1, 0.0119651, 3.22887e-14, 5.70536e-09, 0.999928, 0.266667, 1, 0.0279509, 7.84465e-15, 1.3328e-08, 0.999609, 0.3, 1, 0.0827149, 3.1583e-14, 3.94415e-08, 0.996573, 0.333333, 1, 0.16875, 2.2077e-14, 8.04664e-08, 0.985659, 0.366667, 1, 0.21216, -7.24681e-15, 1.01166e-07, 0.977235, 0.4, 1, 0.22295, -1.45778e-14, 1.06311e-07, 0.97483, 0.433333, 1, 0.22295, -1.968e-14, 1.06311e-07, 0.97483, 0.466667, 1, 0.216556, -2.13251e-14, 1.03262e-07, 0.97627, 0.5, 1, 0.190889, 2.71445e-15, 9.10229e-08, 0.981612, 0.566667, 1, 0.0692506, 1.00376e-14, 3.30212e-08, 0.997599, 0.6, 1, 0.0255039, -1.1755e-14, 1.21612e-08, 0.999675, 0.633333, 1, 0.0168979, -3.90043e-14, 8.05755e-09, 0.999857, 0.666667, 1, 0.0610834, -1.1123e-14, 2.91268e-08, 0.998133, 0.7, 1, 0.147335, 3.45621e-14, 7.0255e-08, 0.989087, 0.733333, 1, 0.201343, -1.29613e-15, 9.60078e-08, 0.979521, 0.75, 1, 0.222951, -3.28e-14, 1.06311e-07, 0.97483)
tracks/6/type = "rotation_3d"
tracks/6/imported = true
tracks/6/enabled = true
tracks/6/path = NodePath("rig_deform/Skeleton3D:DEF-spine.004")
tracks/6/interp = 1
tracks/6/loop_wrap = true
tracks/6/keys = PackedFloat32Array(0, 1, -0.269391, -1.14802e-07, -9.63419e-08, 0.963031, 0.0333333, 1, -0.251565, -1.15293e-07, -8.92994e-08, 0.96784, 0.0666667, 1, -0.2119, -1.16367e-07, -7.36847e-08, 0.977291, 0.1, 1, -0.156074, -1.17744e-07, -5.17832e-08, 0.987745, 0.166667, 1, -0.0259237, -1.20284e-07, -9.41435e-10, 0.999664, 0.2, 1, 0.0222875, -1.2109e-07, 1.7871e-08, 0.999752, 0.233333, 1, 0.0481726, -1.19914e-07, 2.1344e-08, 0.998839, 0.266667, 1, -0.000542477, -1.19209e-07, -1.93973e-10, 1, 0.3, 1, -0.143245, -1.1798e-07, -5.12284e-08, 0.989687, 0.333333, 1, -0.360435, -1.11196e-07, -1.28901e-07, 0.932784, 0.366667, 1, -0.465912, -1.0548e-07, -1.66623e-07, 0.884831, 0.4, 1, -0.491358, -1.03826e-07, -1.75723e-07, 0.870958, 0.433333, 1, -0.491358, -1.03826e-07, -1.75723e-07, 0.870958, 0.466667, 1, -0.471876, -1.05103e-07, -1.68756e-07, 0.881665, 0.5, 1, -0.391713, -1.09683e-07, -1.40087e-07, 0.920088, 0.533333, 1, -0.21389, -1.1645e-07, -7.64929e-08, 0.976858, 0.566667, 1, -0.0625292, -1.18976e-07, -2.23622e-08, 0.998043, 0.6, 1, 0.0248474, -1.19172e-07, 8.88612e-09, 0.999691, 0.633333, 1, 0.0322179, -1.19076e-07, 1.09374e-08, 0.999481, 0.666667, 1, -0.0377899, -1.18769e-07, -1.64345e-08, 0.999286, 0.7, 1, -0.162427, -1.17948e-07, -6.53962e-08, 0.986721, 0.733333, 1, -0.239112, -1.15948e-07, -8.8872e-08, 0.970992, 0.75, 1, -0.269391, -1.14802e-07, -9.63419e-08, 0.963031)
tracks/7/type = "rotation_3d"
tracks/7/imported = true
tracks/7/enabled = true
tracks/7/path = NodePath("rig_deform/Skeleton3D:DEF-spine.006")
tracks/7/interp = 1
tracks/7/loop_wrap = true
tracks/7/keys = PackedFloat32Array(0, 1, -0.133043, 5.904e-08, -2.37947e-08, 0.99111, 0.0333333, 1, -0.116886, 5.95042e-08, -1.97622e-08, 0.993145, 0.0666667, 1, -0.0809419, 5.9991e-08, -1.08223e-08, 0.996719, 0.1, 1, -0.0305421, 5.97623e-08, 1.66968e-09, 0.999534, 0.166667, 1, 0.0858102, 5.5567e-08, 3.03945e-08, 0.996312, 0.2, 1, 0.128297, 5.23671e-08, 4.08909e-08, 0.991736, 0.233333, 1, 0.150969, 9.09172e-08, 2.88287e-08, 0.988539, 0.266667, 1, 0.10155, 9.29707e-08, 1.25317e-08, 0.994831, 0.3, 1, -0.04146, 6.83114e-08, -4.22245e-09, 0.99914, 0.333333, 1, -0.263324, 1.14475e-07, -3.15344e-08, 0.964707, 0.366667, 1, -0.373146, 1.10093e-07, -4.46863e-08, 0.927773, 0.4, 1, -0.399875, 1.08763e-07, -4.78873e-08, 0.91657, 0.433333, 1, -0.399875, 1.08763e-07, -4.78873e-08, 0.91657, 0.466667, 1, -0.379402, 1.09791e-07, -4.54354e-08, 0.925232, 0.5, 1, -0.295735, 1.13356e-07, -3.54158e-08, 0.95527, 0.533333, 1, -0.113046, 6.79182e-08, -1.68694e-08, 0.99359, 0.566667, 1, 0.0396869, 9.35499e-08, 3.08506e-09, 0.999212, 0.6, 1, 0.126775, 6.94583e-08, 2.25725e-08, 0.991931, 0.633333, 1, 0.135983, -2.39581e-09, 3.17708e-08, 0.990711, 0.666667, 1, 0.0739755, 1.20283e-09, 1.23718e-08, 0.99726, 0.7, 1, -0.0369742, 4.48438e-08, -1.85973e-08, 0.999316, 0.733333, 1, -0.105761, 5.77321e-08, -2.48184e-08, 0.994392, 0.75, 1, -0.133043, 5.904e-08, -2.37947e-08, 0.99111)
tracks/8/type = "rotation_3d"
tracks/8/imported = true
tracks/8/enabled = true
tracks/8/path = NodePath("rig_deform/Skeleton3D:DEF-Grab_upper_arm.L")
tracks/8/interp = 1
tracks/8/loop_wrap = true
