[gd_scene load_steps=43 format=3 uid="uid://cdyuudhi3uony"]

[ext_resource type="Script" path="res://objects/spitslash.gd" id="1_ysgay"]
[ext_resource type="ArrayMesh" uid="uid://by5uqiif7qgng" path="res://meshes/spitslash.mesh" id="2_8id1j"]
[ext_resource type="ArrayMesh" uid="uid://c4xm4qohkmotv" path="res://meshes/spitslash_without_arm.mesh" id="3_wwrrj"]
[ext_resource type="Animation" uid="uid://0dnp6gjh207l" path="res://anims/spitslash_apose.anim" id="4_2xomr"]
[ext_resource type="Animation" uid="uid://cy3p50f5lhym7" path="res://anims/spitslash_attack_heavy.anim" id="5_06p68"]
[ext_resource type="Animation" uid="uid://cikp1rhi7sqha" path="res://anims/spitslash_attack_spit.anim" id="6_t4mtq"]
[ext_resource type="Animation" uid="uid://dxtd3qpvofrfe" path="res://anims/spitslash_death.anim" id="7_vq5qd"]
[ext_resource type="Animation" uid="uid://cp8g5htxgw28p" path="res://anims/spitslash_hit.anim" id="8_wx2si"]
[ext_resource type="Animation" uid="uid://mh2de17tvo55" path="res://anims/spitslash_idle.anim" id="9_eovef"]
[ext_resource type="Animation" uid="uid://btj1mfmjk7hv4" path="res://anims/spitslash_stumble.anim" id="10_dsdyf"]
[ext_resource type="Animation" uid="uid://d2uo7q78rhxig" path="res://anims/spitslash_stumble_end.anim" id="11_u80fw"]
[ext_resource type="Animation" uid="uid://c6jo63vf0ii1s" path="res://anims/spitslash_stumble_death.anim" id="12_dxr7v"]
[ext_resource type="Animation" uid="uid://3n5qu7okjvs7" path="res://anims/spitslash_stumble_start.anim" id="13_bmdi4"]
[ext_resource type="Animation" uid="uid://bsd8r6jatg2yp" path="res://anims/spitslash_walk.anim" id="14_2oecq"]
[ext_resource type="AudioStream" uid="uid://43jfpxx8qkpo" path="res://audio/sfx/spitslash_steps/spitslash_step1.wav" id="15_vrva3"]
[ext_resource type="AudioStream" uid="uid://dclxplq85cj5i" path="res://audio/sfx/spitslash_steps/spitslash_step2.wav" id="16_37udb"]
[ext_resource type="AudioStream" uid="uid://c44scp50qoyy1" path="res://audio/sfx/spitslash_steps/spitslash_step3.wav" id="17_h61uf"]
[ext_resource type="AudioStream" uid="uid://bfm3s64xb8kn2" path="res://audio/sfx/meat_rip.wav" id="18_7hhdk"]

[sub_resource type="CapsuleShape3D" id="CapsuleShape3D_d7avd"]
radius = 0.506303

[sub_resource type="Skin" id="Skin_1srn0"]
resource_name = "Skin"
bind_count = 37
bind/0/name = &"DEF-tail.006"
bind/0/bone = -1
bind/0/pose = Transform3D(1, 0, 0, 0, 0.0408865, 0.999164, 0, -0.999163, 0.0408865, -2.09816e-17, 1.14336, 0.965318)
bind/1/name = &"DEF-tail.005"
bind/1/bone = -1
bind/1/pose = Transform3D(1, 0, 0, 0, 0.0485579, 0.99882, 0, -0.99882, 0.0485579, -2.09816e-17, 0.85272, 0.971895)
bind/2/name = &"DEF-tail.004"
bind/2/bone = -1
bind/2/pose = Transform3D(1, -1.8889e-15, 2.55441e-17, 2.55441e-17, 0.0270416, 0.999634, -1.8889e-15, -0.999634, 0.0270416, 1.77051e-15, 0.675656, 0.95757)
bind/3/name = &"DEF-tail.003"
bind/3/bone = -1
bind/3/pose = Transform3D(1, 2.12126e-22, -4.38122e-24, 1.76842e-23, -0.0417557, 0.999128, 4.23147e-22, -0.999127, -0.0417558, -2.61295e-17, 0.538853, 0.922703)
bind/4/name = &"DEF-tail.002"
bind/4/bone = -1
bind/4/pose = Transform3D(1, -5.12042e-16, -9.91507e-18, -9.91507e-18, -0.038713, 0.99925, -5.12042e-16, -0.99925, -0.038713, 4.50364e-16, 0.35102, 0.923776)
bind/5/name = &"DEF-tail.001"
bind/5/bone = -1
bind/5/pose = Transform3D(1, -1.08045e-15, -1.67042e-16, -1.67042e-16, -0.30199, 0.953311, -1.08045e-15, -0.95331, -0.30199, 9.56215e-16, 0.419332, 0.842811)
bind/6/name = &"DEF-spine"
bind/6/bone = -1
bind/6/pose = Transform3D(1, 8.36483e-08, -2.23263e-07, -2.13163e-14, 0.936432, 0.350846, 2.38419e-07, -0.350846, 0.936433, -7.53827e-08, -0.827579, 0.316178)
bind/7/name = &"DEF-spine.001"
bind/7/bone = -1
bind/7/pose = Transform3D(1, 2.57863e-08, -2.3702e-07, -2.84217e-14, 0.994133, 0.108156, 2.38419e-07, -0.108156, 0.994134, -1.71175e-08, -0.996397, 0.0717961)
bind/8/name = &"DEF-spine.002"
bind/8/bone = -1
bind/8/pose = Transform3D(1, -8.31157e-09, -2.38274e-07, -2.75335e-14, 0.999391, -0.0348613, 2.38419e-07, 0.0348612, 0.999392, 2.15836e-08, -1.13065, -0.0905283)
bind/9/name = &"DEF-spine.003"
bind/9/bone = -1
bind/9/pose = Transform3D(1, -2.88765e-08, -2.36663e-07, -2.13163e-14, 0.992638, -0.121117, 2.38419e-07, 0.121117, 0.992638, 4.76425e-08, -1.25581, -0.199827)
bind/10/name = &"DEF-spine.004"
bind/10/bone = -1
bind/10/pose = Transform3D(1, -1.23859e-08, -2.38097e-07, -2.84217e-14, 0.998649, -0.0519505, 2.38419e-07, 0.0519504, 0.99865, 2.34315e-08, -1.46695, -0.0982786)
bind/11/name = &"DEF-spine.005"
bind/11/bone = -1
bind/11/pose = Transform3D(1, 3.63861e-08, -2.35626e-07, -2.13163e-14, 0.988285, 0.152614, 2.38419e-07, -0.152614, 0.988286, -4.991e-08, -1.48822, 0.209338)
bind/12/name = &"DEF-spine.006"
bind/12/bone = -1
bind/12/pose = Transform3D(1, 5.24387e-08, -2.3258e-07, -2.84217e-14, 0.975512, 0.219944, 2.38419e-07, -0.219944, 0.975513, -7.48352e-08, -1.51565, 0.313881)
bind/13/name = &"DEF-shoulder.L"
bind/13/bone = -1
bind/13/pose = Transform3D(0.596365, -0.000133733, 0.802713, 0.802713, -0.0005649, -0.596365, 0.000533208, 0.999999, -0.00022969, -0.0806, 0.0409157, -1.41062)
bind/14/name = &"DEF-Heavy_upper_arm.L"
bind/14/bone = -1
bind/14/pose = Transform3D(-0.797433, -0.59825, 0.0787248, 0.593286, -0.801151, -0.0785343, 0.110053, -0.0159195, 0.993798, 0.968539, 1.00134, -0.00569497)
bind/15/name = &"DEF-Heavy_forearm.L"
bind/15/bone = -1
bind/15/pose = Transform3D(-0.793764, -0.607942, -0.0185389, 0.606381, -0.793361, 0.0536603, -0.0473306, 0.031352, 0.998387, 0.976709, 0.685647, -0.00284923)
bind/16/name = &"DEF-shoulder.R"
bind/16/bone = -1
bind/16/pose = Transform3D(0.596365, 0.000133746, -0.802713, -0.802713, -0.00056493, -0.596365, -0.000533185, 0.999999, -0.000229646, 0.0806, 0.0409157, -1.41062)
bind/17/name = &"DEF-Heavy_upper_arm.R"
bind/17/bone = -1
bind/17/pose = Transform3D(-0.797433, 0.59825, -0.0787246, -0.593287, -0.801151, -0.0785342, -0.110053, -0.0159196, 0.993798, -0.968539, 1.00134, -0.00569492)
bind/18/name = &"DEF-Heavy_forearm.R"
bind/18/bone = -1
bind/18/pose = Transform3D(-0.793764, 0.607942, 0.0185388, -0.606381, -0.793361, 0.0536604, 0.0473305, 0.031352, 0.998387, -0.976709, 0.685647, -0.00284934)
bind/19/name = &"DEF-pelvis.L"
bind/19/bone = -1
bind/19/pose = Transform3D(-0.395325, -0.359045, 0.845461, 0.652265, 0.538342, 0.533609, -0.646738, 0.762413, 0.0213721, 0.32292, -0.473864, -0.675302)
bind/20/name = &"DEF-thigh.L"
bind/20/bone = -1
bind/20/pose = Transform3D(0.999994, 0.00154915, -0.00315928, 0.00216297, -0.978816, 0.20473, -0.00277553, -0.204735, -0.978813, -0.0975879, 0.893732, 0.201841)
bind/21/name = &"DEF-thigh.L.001"
bind/21/bone = -1
bind/21/pose = Transform3D(0.999994, 0.00154921, -0.00315929, 0.00216303, -0.978816, 0.20473, -0.00277552, -0.204735, -0.978814, -0.097588, 0.763557, 0.201841)
bind/22/name = &"DEF-lower_leg.L"
bind/22/bone = -1
bind/22/pose = Transform3D(0.999994, 0.00154355, -0.00318348, -3.32133e-07, -0.899809, -0.436284, -0.00353811, 0.436281, -0.899803, -0.0975826, 0.624655, -0.227419)
bind/23/name = &"DEF-lower_leg.L.001"
bind/23/bone = -1
bind/23/pose = Transform3D(0.999994, 0.00154355, -0.00318348, -3.32366e-07, -0.899809, -0.436284, -0.00353811, 0.436281, -0.899803, -0.0975826, 0.473121, -0.227419)
bind/24/name = &"DEF-hind_foot.L"
bind/24/bone = -1
bind/24/pose = Transform3D(0.999996, -0.000511725, -0.00282876, -1.76835e-07, -0.984028, 0.178011, -0.00287499, -0.178011, -0.984024, -0.0967609, 0.394034, 0.00587018)
bind/25/name = &"DEF-hind_foot.L.001"
bind/25/bone = -1
bind/25/pose = Transform3D(0.999996, -0.000511725, -0.00282876, -1.77068e-07, -0.984028, 0.178011, -0.00287499, -0.178011, -0.984024, -0.0967609, 0.261908, 0.0058702)
bind/26/name = &"DEF-r_toe.L"
bind/26/bone = -1
bind/26/pose = Transform3D(0.999998, -0.000991389, -0.00170058, -1.61235e-07, -0.863942, 0.503591, -0.00196882, -0.50359, -0.863941, -0.0966795, 0.120056, 0.0497993)
bind/27/name = &"DEF-r_hoof.L"
bind/27/bone = -1
bind/27/pose = Transform3D(0.999997, -0.000886999, -0.00218097, -1.0716e-07, -0.926321, 0.376734, -0.0023548, -0.376733, -0.926319, -0.0966777, 0.0555198, 0.0424294)
bind/28/name = &"DEF-pelvis.R"
bind/28/bone = -1
bind/28/pose = Transform3D(-0.395325, 0.359045, -0.845461, -0.652265, 0.538342, 0.533609, 0.646738, 0.762413, 0.0213721, -0.32292, -0.473864, -0.675301)
bind/29/name = &"DEF-thigh.R"
bind/29/bone = -1
bind/29/pose = Transform3D(0.999994, -0.00154924, 0.00315927, -0.00216326, -0.978815, 0.20473, 0.00277531, -0.204735, -0.978813, 0.097588, 0.893732, 0.201841)
bind/30/name = &"DEF-thigh.R.001"
bind/30/bone = -1
bind/30/pose = Transform3D(0.999994, -0.00154913, 0.00315935, -0.00216318, -0.978815, 0.20473, 0.00277541, -0.204735, -0.978813, 0.0975879, 0.763557, 0.201841)
bind/31/name = &"DEF-lower_leg.R"
bind/31/bone = -1
bind/31/pose = Transform3D(0.999994, -0.00154349, 0.00318358, 1.58208e-07, -0.899808, -0.436284, 0.00353814, 0.436281, -0.899803, 0.0975825, 0.624655, -0.227419)
bind/32/name = &"DEF-lower_leg.R.001"
bind/32/bone = -1
bind/32/pose = Transform3D(0.999994, -0.00154355, 0.00318348, 5.9721e-08, -0.899808, -0.436284, 0.00353808, 0.436281, -0.899803, 0.0975825, 0.473121, -0.227419)
bind/33/name = &"DEF-hind_foot.R"
bind/33/bone = -1
bind/33/pose = Transform3D(0.999996, 0.000511725, 0.00282876, -2.80561e-08, -0.984028, 0.178012, 0.00287481, -0.178011, -0.984024, 0.0967608, 0.394033, 0.00587022)
bind/34/name = &"DEF-hind_foot.R.001"
bind/34/bone = -1
bind/34/pose = Transform3D(0.999996, 0.000511725, 0.00282876, -2.81725e-08, -0.984028, 0.178012, 0.00287481, -0.178011, -0.984024, 0.0967608, 0.261907, 0.00587019)
bind/35/name = &"DEF-r_toe.R"
bind/35/bone = -1
bind/35/pose = Transform3D(0.999998, 0.000989928, 0.00169974, -8.08445e-07, -0.863942, 0.503591, 0.00196712, -0.503589, -0.86394, 0.0966796, 0.120056, 0.0497991)
bind/36/name = &"DEF-r_hoof.R"
bind/36/bone = -1
bind/36/pose = Transform3D(0.999997, 0.000886999, 0.00218097, -5.64032e-08, -0.926321, 0.376734, 0.00235458, -0.376733, -0.926319, 0.0966778, 0.0555197, 0.0424293)

[sub_resource type="AnimationLibrary" id="AnimationLibrary_k5j4i"]
_data = {
"Baked_A-Pose": ExtResource("4_2xomr"),
"Baked_Attack_Heavy": ExtResource("5_06p68"),
"Baked_Attack_Spit": ExtResource("6_t4mtq"),
"Baked_Death": ExtResource("7_vq5qd"),
"Baked_Get-Hit": ExtResource("8_wx2si"),
"Baked_Idle": ExtResource("9_eovef"),
"Baked_Tumble": ExtResource("10_dsdyf"),
"Baked_TumbleEnd": ExtResource("11_u80fw"),
"Baked_TumbleEnd_Death": ExtResource("12_dxr7v"),
"Baked_TumbleStart": ExtResource("13_bmdi4"),
"Baked_Walk": ExtResource("14_2oecq")
}

[sub_resource type="AnimationNodeAnimation" id="AnimationNodeAnimation_m176s"]
animation = &"Baked_Get-Hit"

[sub_resource type="AnimationNodeAnimation" id="AnimationNodeAnimation_ttjeq"]
animation = &"Baked_Walk"

[sub_resource type="AnimationNodeAnimation" id="AnimationNodeAnimation_y78i4"]
animation = &"Baked_TumbleStart"

[sub_resource type="AnimationNodeAnimation" id="AnimationNodeAnimation_gj3c2"]
animation = &"Baked_Tumble"

[sub_resource type="AnimationNodeAnimation" id="AnimationNodeAnimation_k2h7x"]
animation = &"Baked_TumbleEnd"

[sub_resource type="AnimationNodeAnimation" id="AnimationNodeAnimation_v1ssw"]
animation = &"Baked_TumbleEnd_Death"

[sub_resource type="AnimationNodeAnimation" id="AnimationNodeAnimation_62i24"]
animation = &"Baked_Death"

[sub_resource type="AnimationNodeAnimation" id="AnimationNodeAnimation_yhor8"]
animation = &"Baked_Attack_Heavy"

[sub_resource type="AnimationNodeAnimation" id="AnimationNodeAnimation_j7r2i"]
animation = &"Baked_Attack_Spit"

[sub_resource type="AnimationNodeAnimation" id="AnimationNodeAnimation_dweqd"]
animation = &"Baked_Idle"

[sub_resource type="AnimationNodeTimeScale" id="AnimationNodeTimeScale_ul30f"]

[sub_resource type="AnimationNodeOneShot" id="AnimationNodeOneShot_0srj2"]

[sub_resource type="AnimationNodeOneShot" id="AnimationNodeOneShot_jnri0"]

[sub_resource type="AnimationNodeOneShot" id="AnimationNodeOneShot_si5w6"]

[sub_resource type="AnimationNodeTransition" id="AnimationNodeTransition_loq3g"]
xfade_time = 0.2
input_0/name = "idle"
input_0/auto_advance = false
input_0/reset = true
input_1/name = "walk"
input_1/auto_advance = false
input_1/reset = true
input_2/name = "dead"
input_2/auto_advance = false
input_2/reset = true

[sub_resource type="AnimationNodeTransition" id="AnimationNodeTransition_w32cn"]
xfade_time = 0.1
input_0/name = "normal"
input_0/auto_advance = false
input_0/reset = true
input_1/name = "start"
input_1/auto_advance = true
input_1/reset = true
input_2/name = "stunned"
input_2/auto_advance = false
input_2/reset = true
input_3/name = "dead"
input_3/auto_advance = false
input_3/reset = true
input_4/name = "end"
input_4/auto_advance = true
input_4/reset = true

[sub_resource type="AnimationNodeTimeScale" id="AnimationNodeTimeScale_7je3h"]

[sub_resource type="AnimationNodeBlendTree" id="AnimationNodeBlendTree_kerqs"]
graph_offset = Vector2(391.685, -69.4988)
nodes/Animation/node = SubResource("AnimationNodeAnimation_dweqd")
nodes/Animation/position = Vector2(53.3333, 0)
"nodes/Animation 10/node" = SubResource("AnimationNodeAnimation_m176s")
"nodes/Animation 10/position" = Vector2(1600, 373.333)
"nodes/Animation 2/node" = SubResource("AnimationNodeAnimation_ttjeq")
"nodes/Animation 2/position" = Vector2(-80, 133.333)
"nodes/Animation 3/node" = SubResource("AnimationNodeAnimation_y78i4")
"nodes/Animation 3/position" = Vector2(560, 160)
"nodes/Animation 4/node" = SubResource("AnimationNodeAnimation_gj3c2")
"nodes/Animation 4/position" = Vector2(586.667, 266.667)
"nodes/Animation 5/node" = SubResource("AnimationNodeAnimation_k2h7x")
"nodes/Animation 5/position" = Vector2(560, 480)
"nodes/Animation 6/node" = SubResource("AnimationNodeAnimation_v1ssw")
"nodes/Animation 6/position" = Vector2(506.667, 373.333)
"nodes/Animation 7/node" = SubResource("AnimationNodeAnimation_62i24")
"nodes/Animation 7/position" = Vector2(53.3333, 266.667)
"nodes/Animation 8/node" = SubResource("AnimationNodeAnimation_yhor8")
"nodes/Animation 8/position" = Vector2(1120, 240)
"nodes/Animation 9/node" = SubResource("AnimationNodeAnimation_j7r2i")
"nodes/Animation 9/position" = Vector2(1360, 240)
nodes/TimeScale/node = SubResource("AnimationNodeTimeScale_ul30f")
nodes/TimeScale/position = Vector2(1626.67, 240)
nodes/attack_melee/node = SubResource("AnimationNodeOneShot_0srj2")
nodes/attack_melee/position = Vector2(1146.67, 26.6667)
nodes/attack_ranged/node = SubResource("AnimationNodeOneShot_jnri0")
nodes/attack_ranged/position = Vector2(1386.67, 26.6667)
nodes/hit/node = SubResource("AnimationNodeOneShot_si5w6")
nodes/hit/position = Vector2(1626.67, 26.6667)
nodes/movement/node = SubResource("AnimationNodeTransition_loq3g")
nodes/movement/position = Vector2(346.667, 26.6667)
nodes/output/position = Vector2(1813.33, 26.6667)
nodes/stun/node = SubResource("AnimationNodeTransition_w32cn")
nodes/stun/position = Vector2(853.333, 26.6667)
nodes/walk_speed/node = SubResource("AnimationNodeTimeScale_7je3h")
nodes/walk_speed/position = Vector2(80, 133.333)
node_connections = [&"output", 0, &"hit", &"TimeScale", 0, &"Animation 10", &"attack_melee", 0, &"stun", &"attack_melee", 1, &"Animation 8", &"attack_ranged", 0, &"attack_melee", &"attack_ranged", 1, &"Animation 9", &"hit", 0, &"attack_ranged", &"hit", 1, &"TimeScale", &"movement", 0, &"Animation", &"movement", 1, &"walk_speed", &"movement", 2, &"Animation 7", &"stun", 0, &"movement", &"stun", 1, &"Animation 3", &"stun", 2, &"Animation 4", &"stun", 3, &"Animation 6", &"stun", 4, &"Animation 5", &"walk_speed", 0, &"Animation 2"]

[sub_resource type="SphereShape3D" id="SphereShape3D_aoej1"]
radius = 5.0

[sub_resource type="CylinderShape3D" id="CylinderShape3D_vk5oc"]
height = 0.638479
radius = 0.388289

[sub_resource type="AudioStreamRandomizer" id="AudioStreamRandomizer_lm1rb"]
streams_count = 3
stream_0/stream = ExtResource("15_vrva3")
stream_0/weight = 1.0
stream_1/stream = ExtResource("16_37udb")
stream_1/weight = 1.0
stream_2/stream = ExtResource("17_h61uf")
stream_2/weight = 1.0

[node name="Spitslash" type="CharacterBody3D" groups=["enemy", "rippable"]]
collision_layer = 97
axis_lock_linear_y = true
script = ExtResource("1_ysgay")

[node name="CollisionShape3D" type="CollisionShape3D" parent="."]
transform = Transform3D(1, 0, 0, 0, 1, 0, 0, 0, 1, 0, 1, 0)
shape = SubResource("CapsuleShape3D_d7avd")

[node name="rig_deform" type="Node3D" parent="."]
transform = Transform3D(-1, 0, -8.74228e-08, 0, 1, 0, 8.74228e-08, 0, -1, 0, 0, 0)

[node name="Skeleton3D" type="Skeleton3D" parent="rig_deform"]
bones/0/name = "DEF-tail.006"
bones/0/parent = -1
bones/0/rest = Transform3D(1, 0, 0, 0, 0.0408865, -0.999165, 0, 0.999164, 0.0408866, 2.09816e-17, 0.917764, -1.18188)
bones/0/enabled = true
bones/0/position = Vector3(-5.66349e-14, 0.0179755, -0.872377)
bones/0/rotation = Quaternion(0.131718, -4.33305e-08, -5.75761e-09, 0.991287)
bones/0/scale = Vector3(1, 1, 1)
bones/1/name = "DEF-tail.005"
bones/1/parent = 0
bones/1/rest = Transform3D(1, 0, 0, 0, 0.99997, 0.00767904, 0, -0.00767904, 0.99997, -1.65436e-24, 0.283206, -7.45058e-09)
bones/1/enabled = true
bones/1/position = Vector3(-1.65436e-24, 0.283206, -7.45058e-09)
bones/1/rotation = Quaternion(0.13022, -6.10268e-15, -1.13842e-08, 0.991485)
bones/1/scale = Vector3(1, 1, 1)
bones/2/name = "DEF-tail.004"
bones/2/parent = 1
bones/2/rest = Transform3D(1, 2.55441e-17, -1.8889e-15, -6.62072e-17, 0.999768, -0.0215305, 1.88791e-15, 0.0215305, 0.999768, 0, 0.197838, -7.45058e-08)
bones/2/enabled = true
bones/2/position = Vector3(0, 0.197838, -7.45058e-08)
bones/2/rotation = Quaternion(0.144687, 8.65028e-08, 3.14168e-15, 0.989477)
bones/2/scale = Vector3(1, 1, 1)
bones/3/name = "DEF-tail.003"
bones/3/parent = 2
bones/3/rest = Transform3D(1, 1.04394e-16, 1.88619e-15, 2.55441e-17, 0.997633, -0.0687585, -1.8889e-15, 0.0687585, 0.997633, -3.06057e-23, 0.201522, 5.02914e-08)
bones/3/enabled = true
bones/3/position = Vector3(-3.06057e-23, 0.201522, 5.02914e-08)
bones/3/rotation = Quaternion(0.168036, 1.12624e-15, 1.46902e-08, 0.985781)
bones/3/scale = Vector3(1, 1, 1)
bones/4/name = "DEF-tail.002"
bones/4/parent = 3
bones/4/rest = Transform3D(1, -9.91509e-18, -5.12043e-16, 1.14743e-17, 0.999995, 0.00304521, 5.1201e-16, -0.00304521, 0.999995, -1.75923e-24, 0.185021, 5.86733e-08)
bones/4/enabled = true
bones/4/position = Vector3(-1.75923e-24, 0.185021, 5.86733e-08)
bones/4/rotation = Quaternion(0.132518, -7.89672e-15, 1.1585e-08, 0.991181)
bones/4/scale = Vector3(1, 1, 1)
bones/5/name = "DEF-tail.001"
bones/5/parent = 4
bones/5/rest = Transform3D(1, -2.18621e-17, -5.89317e-16, -1.35004e-16, 0.964287, -0.264858, 5.74062e-16, 0.264858, 0.964287, -2.23339e-23, 0.169888, -2.00234e-08)
bones/5/enabled = true
bones/5/position = Vector3(-2.23339e-23, 0.169888, -2.00234e-08)
bones/5/rotation = Quaternion(0.265246, -9.21174e-15, 2.31885e-08, 0.964181)
bones/5/scale = Vector3(1, 1, 1)
bones/6/name = "DEF-spine"
bones/6/parent = 5
bones/6/rest = Transform3D(1, 0, 2.38419e-07, -2.381e-07, 0.0516722, 0.998664, -1.23196e-08, -0.998664, 0.0516722, -7.8272e-23, 0.14634, -1.64146e-08)
bones/6/enabled = true
bones/6/position = Vector3(-7.8272e-23, 0.14634, -1.64146e-08)
bones/6/rotation = Quaternion(-0.585194, 6.12207e-08, -9.53402e-08, 0.810893)
bones/6/scale = Vector3(1, 1, 1)
bones/7/name = "DEF-spine.001"
bones/7/parent = 6
bones/7/rest = Transform3D(1, 5.90104e-08, 7.41822e-09, -5.90105e-08, 0.968886, 0.247508, 7.41814e-09, -0.247508, 0.968886, 9.1005e-16, 0.120045, -7.45058e-09)
bones/7/enabled = true
bones/7/position = Vector3(9.1005e-16, 0.120045, -7.45058e-09)
bones/7/rotation = Quaternion(-0.124728, 2.08127e-14, -2.97374e-08, 0.992191)
bones/7/scale = Vector3(1, 1, 1)
bones/8/name = "DEF-spine.002"
bones/8/parent = 7
bones/8/rest = Transform3D(1, 3.40335e-08, 2.44168e-09, -3.40335e-08, 0.989759, 0.142747, 2.4415e-09, -0.142747, 0.989759, 9.1005e-16, 0.135602, 0)
bones/8/enabled = true
bones/8/position = Vector3(9.1005e-16, 0.135602, 0)
bones/8/rotation = Quaternion(0.336331, -5.64702e-08, 6.002e-08, 0.941744)
bones/8/scale = Vector3(1, 1, 1)
bones/9/name = "DEF-spine.003"
bones/9/parent = 8
bones/9/rest = Transform3D(1, 2.06086e-08, 8.92273e-10, -2.06086e-08, 0.996257, 0.0864386, 8.92445e-10, -0.0864386, 0.996257, 2.18715e-17, 0.137729, 0)
bones/9/enabled = true
bones/9/position = Vector3(2.18715e-17, 0.137729, 0)
bones/9/rotation = Quaternion(0.362886, 5.58759e-08, 6.47589e-08, 0.931833)
bones/9/scale = Vector3(1, 1, 1)
bones/10/name = "DEF-spine.004"
bones/10/parent = 9
bones/10/rest = Transform3D(1, -1.65428e-08, 5.74638e-10, 1.65428e-08, 0.99759, -0.0693853, 5.74571e-10, 0.0693853, 0.99759, 2.59899e-15, 0.200788, 1.86265e-09)
bones/10/enabled = true
bones/10/position = Vector3(2.59899e-15, 0.200788, 1.86265e-09)
bones/10/rotation = Quaternion(0.00407033, 3.95867e-14, 9.7056e-10, 0.999992)
bones/10/scale = Vector3(1, 1, 1)
bones/11/name = "DEF-spine.005"
bones/11/parent = 10
bones/11/rest = Transform3D(1, -4.85779e-08, 5.00133e-09, 4.85779e-08, 0.979023, -0.20375, 5.00135e-09, 0.20375, 0.979023, 1.15056e-15, 0.0326971, -3.72529e-09)
bones/11/enabled = true
bones/11/position = Vector3(1.15056e-15, 0.0326971, -3.72529e-09)
bones/11/rotation = Quaternion(0.102414, -6.61001e-08, 1.76118e-08, 0.994742)
bones/11/scale = Vector3(1, 1, 1)
bones/12/name = "DEF-spine.006"
bones/12/parent = 11
bones/12/rest = Transform3D(1, -1.63293e-08, 5.59833e-10, 1.63293e-08, 0.997652, -0.0684899, 5.59872e-10, 0.0684899, 0.997652, 1.75584e-15, 0.0453729, 0)
bones/12/enabled = true
bones/12/position = Vector3(1.75584e-15, 0.0453729, 0)
bones/12/rotation = Quaternion(-0.0999223, 6.61169e-08, -1.71836e-08, 0.994995)
bones/12/scale = Vector3(1, 1, 1)
bones/13/name = "DEF-shoulder.L"
bones/13/parent = 9
bones/13/rest = Transform3D(0.596365, 0.802713, 0.000533163, -0.0973549, 0.0716692, 0.992666, 0.796788, -0.592043, 0.120889, 0.0159756, 0.13368, 0.0591461)
bones/13/enabled = true
bones/13/position = Vector3(0.0159756, 0.13368, 0.0591461)
bones/13/rotation = Quaternion(-0.592412, -0.297664, -0.336472, 0.668753)
bones/13/scale = Vector3(1, 1, 1)
bones/14/name = "DEF-Heavy_upper_arm.L"
bones/14/parent = 13
bones/14/rest = Transform3D(-0.412288, 0.290882, 0.863369, -0.686721, 0.523527, -0.504316, -0.598693, -0.800817, -0.0160891, 0.0323631, 0.178933, -0.0289637)
bones/14/enabled = true
bones/14/position = Vector3(0.0323631, 0.178933, -0.0289637)
bones/14/rotation = Quaternion(0.155806, -0.273393, -0.750505, 0.581139)
bones/14/scale = Vector3(1, 1, 1)
bones/15/name = "DEF-Heavy_forearm.L"
bones/15/parent = 14
bones/15/rest = Transform3D(0.995216, -0.00469515, 0.0975843, 0.0175804, 0.991146, -0.131606, -0.0961024, 0.132692, 0.986487, -6.07688e-08, 0.304214, -6.0536e-09)
bones/15/enabled = true
bones/15/position = Vector3(-6.07688e-08, 0.304214, -6.0536e-09)
bones/15/rotation = Quaternion(0.282514, -0.0294408, 0.0554299, 0.957208)
bones/15/scale = Vector3(1, 1, 1)
bones/16/name = "DEF-shoulder.R"
bones/16/parent = 9
bones/16/rest = Transform3D(0.596365, -0.802713, -0.000533283, 0.0973548, 0.0716691, 0.992666, -0.796787, -0.592044, 0.120889, -0.0159756, 0.13368, 0.0591461)
bones/16/enabled = true
bones/16/position = Vector3(-0.0159756, 0.13368, 0.0591461)
bones/16/rotation = Quaternion(-0.592412, 0.297664, 0.336472, 0.668753)
bones/16/scale = Vector3(1, 1, 1)
bones/17/name = "DEF-Heavy_upper_arm.R"
bones/17/parent = 16
bones/17/rest = Transform3D(-0.412288, -0.290882, -0.863369, 0.68672, 0.523526, -0.504316, 0.598693, -0.800817, -0.0160891, -0.0323631, 0.178933, -0.0289638)
bones/17/enabled = true
bones/17/position = Vector3(-0.0323631, 0.178933, -0.0289638)
bones/17/rotation = Quaternion(0.155806, 0.273394, 0.750505, 0.581139)
bones/17/scale = Vector3(1, 1, 1)
bones/18/name = "DEF-Heavy_forearm.R"
bones/18/parent = 17
bones/18/rest = Transform3D(0.995216, 0.00469521, -0.0975841, -0.0175804, 0.991146, -0.131606, 0.0961022, 0.132692, 0.986487, -3.23635e-08, 0.304214, -2.32831e-09)
bones/18/enabled = true
bones/18/position = Vector3(-3.23635e-08, 0.304214, -2.32831e-09)
bones/18/rotation = Quaternion(0.282514, 0.0294408, -0.0554299, 0.957208)
bones/18/scale = Vector3(1, 1, 1)
bones/19/name = "DEF-pelvis.L"
bones/19/parent = 6
bones/19/rest = Transform3D(-0.395325, 0.652264, -0.646737, -0.0395945, 0.691336, 0.721447, 0.917688, 0.310813, -0.247476, -3.88578e-15, 3.51574e-08, -1.30385e-08)
bones/19/enabled = true
bones/19/position = Vector3(-3.88578e-15, 3.51574e-08, -1.30385e-08)
bones/19/rotation = Quaternion(-0.200509, -0.763894, -0.337828, 0.51199)
bones/19/scale = Vector3(1, 1, 1)
bones/20/name = "DEF-thigh.L"
bones/20/parent = 19
bones/20/rest = Transform3D(-0.39855, 0.523675, -0.752943, 0.651408, -0.416282, -0.634331, -0.64562, -0.743286, -0.175217, -0.0320238, 0.0897845, -0.038642)
bones/20/enabled = true
bones/20/position = Vector3(-0.0320238, 0.0897845, -0.038642)
bones/20/rotation = Quaternion(0.482733, 0.800425, -0.288668, 0.207267)
bones/20/scale = Vector3(1, 1, 1)
bones/21/name = "DEF-thigh.L.001"
bones/21/parent = 20
bones/21/rest = Transform3D(1, 6.01285e-08, 4.19095e-09, -6.01285e-08, 1, -2.91282e-08, -4.19095e-09, 2.91282e-08, 1, 3.07045e-09, 0.130175, 1.81026e-08)
bones/21/enabled = true
bones/21/position = Vector3(-7.06676e-09, 0.128088, -6.4384e-08)
bones/21/rotation = Quaternion(1.81461e-08, 0.0175495, -2.44641e-08, 0.999846)
bones/21/scale = Vector3(1, 1, 1)
bones/22/name = "DEF-lower_leg.L"
bones/22/parent = 21
bones/22/rest = Transform3D(1, -1.56423e-05, -1.92985e-05, 5.83242e-07, 0.791427, -0.611263, 2.48349e-05, 0.611263, 0.791427, -6.69388e-10, 0.130175, 1.55123e-08)
bones/22/enabled = true
bones/22/position = Vector3(-8.19821e-10, 0.128088, -9.51717e-09)
bones/22/rotation = Quaternion(0.732199, 0.0175394, -0.0188685, 0.680603)
bones/22/scale = Vector3(1, 1, 1)
bones/23/name = "DEF-lower_leg.L.001"
bones/23/parent = 22
bones/23/rest = Transform3D(1, 3.52238e-10, 4.94765e-10, -3.52238e-10, 1, -1.63325e-07, -4.94765e-10, 1.63325e-07, 1, 3.23689e-09, 0.151534, -1.03901e-08)
bones/23/enabled = true
bones/23/position = Vector3(1.25492e-08, 0.149069, 5.0016e-09)
bones/23/rotation = Quaternion(4.97582e-08, -0.00997911, -1.95411e-08, 0.99995)
bones/23/scale = Vector3(1, 1, 1)
bones/24/name = "DEF-hind_foot.L"
bones/24/parent = 23
bones/24/rest = Transform3D(0.999998, -0.00208559, -1.68022e-05, 0.0016946, 0.807774, 0.58949, -0.00121586, -0.589488, 0.807776, 1.06375e-08, 0.151534, 9.02219e-09)
bones/24/enabled = true
bones/24/position = Vector3(2.12803e-08, 0.149069, 7.54396e-08)
bones/24/rotation = Quaternion(-0.728112, -0.00970676, 0.00462118, 0.685374)
bones/24/scale = Vector3(1, 1, 1)
bones/25/name = "DEF-hind_foot.L.001"
bones/25/parent = 24
bones/25/rest = Transform3D(1, -3.44901e-10, 5.60249e-10, 3.44901e-10, 1, 4.49577e-08, -5.60249e-10, -4.49577e-08, 1, 1.07684e-08, 0.132126, -6.43195e-09)
bones/25/enabled = true
bones/25/position = Vector3(-2.05028e-08, 0.129736, -1.1913e-08)
bones/25/rotation = Quaternion(1.27739e-07, -0.021139, 4.78394e-09, 0.999777)
bones/25/scale = Vector3(1, 1, 1)
bones/26/name = "DEF-r_toe.L"
bones/26/parent = 25
bones/26/rest = Transform3D(0.999999, -0.000982542, 0.000733127, 0.000672832, 0.939789, 0.341756, -0.00102477, -0.341755, 0.939788, 3.21961e-09, 0.132126, -2.64845e-09)
bones/26/enabled = true
bones/26/position = Vector3(1.57643e-08, 0.129736, 2.68178e-08)
bones/26/rotation = Quaternion(0.176396, -0.0206932, 0.0466689, 0.982994)
bones/26/scale = Vector3(1, 1, 1)
bones/27/name = "DEF-r_hoof.L"
bones/27/parent = 26
bones/27/rest = Transform3D(1, 0.000277678, -0.00040567, -0.000332107, 0.990008, -0.14101, 0.000362461, 0.141011, 0.990008, 1.14997e-08, 0.0710417, -1.89175e-09)
bones/27/enabled = true
bones/27/position = Vector3(1.14997e-08, 0.0710417, -1.89175e-09)
bones/27/rotation = Quaternion(0.0706821, -0.000192514, -0.000152829, 0.997499)
bones/27/scale = Vector3(1, 1, 1)
bones/28/name = "DEF-pelvis.R"
bones/28/parent = 6
bones/28/rest = Transform3D(-0.395324, -0.652265, 0.646737, 0.0395944, 0.691336, 0.721447, -0.917688, 0.310813, -0.247476, -3.88578e-15, 3.51574e-08, -1.30385e-08)
bones/28/enabled = true
bones/28/position = Vector3(-3.88578e-15, 3.51574e-08, -1.30385e-08)
bones/28/rotation = Quaternion(-0.200509, 0.763894, 0.337828, 0.51199)
bones/28/scale = Vector3(1, 1, 1)
bones/29/name = "DEF-thigh.R"
bones/29/parent = 28
bones/29/rest = Transform3D(-0.39855, -0.523675, 0.752943, -0.651409, -0.416282, -0.634331, 0.64562, -0.743286, -0.175217, 0.0320237, 0.0897844, -0.038642)
bones/29/enabled = true
bones/29/position = Vector3(0.0320237, 0.0897844, -0.038642)
bones/29/rotation = Quaternion(0.54466, -0.605844, 0.579904, 0.00334868)
bones/29/scale = Vector3(1, 1, 1)
bones/30/name = "DEF-thigh.R.001"
bones/30/parent = 29
bones/30/rest = Transform3D(1, 8.67585e-08, 9.78616e-08, -8.67585e-08, 1, 4.45841e-08, -9.78616e-08, -4.45841e-08, 1, -9.88075e-09, 0.130175, -9.37143e-09)
bones/30/enabled = true
bones/30/position = Vector3(8.99201e-09, 0.128146, -4.3658e-09)
bones/30/rotation = Quaternion(-1.87905e-08, -0.00211656, 3.21617e-08, 0.999998)
bones/30/scale = Vector3(1, 1, 1)
bones/31/name = "DEF-lower_leg.R"
bones/31/parent = 30
bones/31/rest = Transform3D(1, 1.56504e-05, 1.93383e-05, -5.65376e-07, 0.791427, -0.611263, -2.48714e-05, 0.611263, 0.791427, -4.36557e-11, 0.130175, -2.5495e-08)
bones/31/enabled = true
bones/31/position = Vector3(-6.72978e-10, 0.128146, 6.28623e-09)
bones/31/rotation = Quaternion(0.702491, -0.0021064, 0.00207889, 0.711686)
bones/31/scale = Vector3(1, 1, 1)
bones/32/name = "DEF-lower_leg.R.001"
bones/32/parent = 31
bones/32/rest = Transform3D(1, -9.81058e-08, -6.19912e-08, 9.81058e-08, 1, 8.96869e-08, 6.19912e-08, -8.96869e-08, 1, -3.33785e-10, 0.151534, -5.03496e-09)
bones/32/enabled = true
bones/32/position = Vector3(9.44474e-09, 0.149164, 1.19408e-08)
bones/32/rotation = Quaternion(3.82221e-09, 0.00169928, -2.53258e-08, 0.999999)
bones/32/scale = Vector3(1, 1, 1)
bones/33/name = "DEF-hind_foot.R"
bones/33/parent = 32
bones/33/rest = Transform3D(0.999998, 0.00208559, 1.6803e-05, -0.0016946, 0.807774, 0.58949, 0.00121586, -0.589489, 0.807776, -2.83762e-09, 0.151534, 1.15542e-08)
bones/33/enabled = true
bones/33/position = Vector3(-6.01852e-09, 0.149164, 1.25837e-08)
bones/33/rotation = Quaternion(-0.697788, 0.00142175, -0.0020611, 0.7163)
bones/33/scale = Vector3(1, 1, 1)
bones/34/name = "DEF-hind_foot.R.001"
bones/34/parent = 33
bones/34/rest = Transform3D(1, -3.5242e-10, -4.83851e-10, 3.5242e-10, 1, -1.04348e-07, 4.83851e-10, 1.04348e-07, 1, 4.3583e-09, 0.132126, 9.60426e-10)
bones/34/enabled = true
bones/34/position = Vector3(-5.30337e-09, 0.129854, 3.73069e-08)
bones/34/rotation = Quaternion(4.04998e-08, 0.0983749, 2.72418e-10, 0.995149)
bones/34/scale = Vector3(1, 1, 1)
bones/35/name = "DEF-r_toe.R"
bones/35/parent = 34
bones/35/rest = Transform3D(0.999999, 0.000981702, -0.000734588, -0.000671544, 0.939789, 0.341755, 0.00102586, -0.341754, 0.939789, -3.17232e-09, 0.132126, -4.59841e-09)
bones/35/enabled = true
bones/35/position = Vector3(-9.12451e-10, 0.129854, -1.22275e-08)
bones/35/rotation = Quaternion(-0.231028, 0.0979336, 0.025036, 0.967682)
bones/35/scale = Vector3(1, 1, 1)
bones/36/name = "DEF-r_hoof.R"
bones/36/parent = 35
bones/36/rest = Transform3D(1, -0.000276641, 0.000406997, 0.000331268, 0.990008, -0.14101, -0.000363921, 0.14101, 0.990008, 1.53523e-09, 0.0710416, -5.03496e-09)
bones/36/enabled = true
bones/36/position = Vector3(1.53523e-09, 0.0710416, -5.03496e-09)
bones/36/rotation = Quaternion(0.0706819, 0.000193213, 0.000152358, 0.997499)
bones/36/scale = Vector3(1, 1, 1)

[node name="model_with_arm" type="MeshInstance3D" parent="rig_deform/Skeleton3D"]
mesh = ExtResource("2_8id1j")
skin = SubResource("Skin_1srn0")

[node name="model_no_arm" type="MeshInstance3D" parent="rig_deform/Skeleton3D"]
visible = false
mesh = ExtResource("3_wwrrj")
skin = SubResource("Skin_1srn0")

[node name="BoneHead" type="BoneAttachment3D" parent="rig_deform/Skeleton3D"]
transform = Transform3D(1, -6.21725e-14, 2.38419e-07, 2.25788e-07, -0.321165, -0.947023, 7.65716e-08, 0.947023, -0.321165, -3.81471e-14, 0.821478, 0.444294)
bone_name = "DEF-spine.006"
bone_idx = 12

[node name="SpitSource" type="Marker3D" parent="rig_deform/Skeleton3D/BoneHead"]
transform = Transform3D(-1, 3.72529e-09, -8.9407e-08, 2.23517e-08, 0.958691, -0.284451, 8.56817e-08, -0.284451, -0.958691, -7.45058e-08, 0.0725527, 0.298922)

[node name="Eyes" type="Marker3D" parent="rig_deform/Skeleton3D/BoneHead"]
transform = Transform3D(1, -2.13163e-14, -1.13687e-13, 2.84217e-14, 1, -4.47035e-08, 0, 4.47035e-08, 1, -3.55271e-14, 0.154328, 0.0997891)

[node name="AnimationPlayer" type="AnimationPlayer" parent="."]
libraries = {
"": SubResource("AnimationLibrary_k5j4i")
}

[node name="AnimationTree" type="AnimationTree" parent="."]
tree_root = SubResource("AnimationNodeBlendTree_kerqs")
anim_player = NodePath("../AnimationPlayer")
parameters/TimeScale/scale = 2.0
parameters/attack_melee/active = false
parameters/attack_melee/internal_active = false
parameters/attack_melee/request = 0
parameters/attack_ranged/active = false
parameters/attack_ranged/internal_active = false
parameters/attack_ranged/request = 0
parameters/hit/active = false
parameters/hit/internal_active = false
parameters/hit/request = 0
parameters/movement/current_state = "idle"
parameters/movement/transition_request = ""
parameters/movement/current_index = 0
parameters/stun/current_state = "normal"
parameters/stun/transition_request = ""
parameters/stun/current_index = 0
parameters/walk_speed/scale = 1.0

[node name="PreyDetector" type="Area3D" parent="."]
collision_layer = 0
collision_mask = 10

[node name="CollisionShape3D" type="CollisionShape3D" parent="PreyDetector"]
transform = Transform3D(1, 0, 0, 0, 1, 0, 0, 0, 1, 0, 1, -5)
shape = SubResource("SphereShape3D_aoej1")

[node name="AttackMeleeArea" type="Area3D" parent="."]
collision_layer = 0
collision_mask = 10

[node name="CollisionShape3D" type="CollisionShape3D" parent="AttackMeleeArea"]
transform = Transform3D(1, 0, 0, 0, 1, 0, 0, 0, 1, 0, 0.31302, -1.15961)
shape = SubResource("CylinderShape3D_vk5oc")

[node name="SFXSteps" type="AudioStreamPlayer3D" parent="."]
stream = SubResource("AudioStreamRandomizer_lm1rb")

[node name="SFXSlice" type="AudioStreamPlayer3D" parent="."]
transform = Transform3D(1, 0, 0, 0, 1, 0, 0, 0, 1, 0, 0.43983, -0.794827)

[node name="SFXRip" type="AudioStreamPlayer3D" parent="."]
transform = Transform3D(1, 0, 0, 0, 1, 0, 0, 0, 1, 0.166826, 0.901534, -0.309679)
stream = ExtResource("18_7hhdk")

[connection signal="body_entered" from="PreyDetector" to="." method="_on_prey_detector_body_entered"]
[connection signal="body_exited" from="PreyDetector" to="." method="_on_prey_detector_body_exited"]
